Simulation,Run,Trial,Gain_outcome,Loss_outcome,Gain_utility,Loss_utility,Probability,Conflict_or_not,Bet_or_quit,Win_or_lose,Chip,Incentive
0.0,0.0,0.0,500.0,-2.0,20.625210617611923,2.0625210617611924,1.0,Conflict,bet,lose,498.0,
0.0,0.0,1.0,749.0,-7.0,25.111499408148916,7.533449822444674,1.0,Conflict,bet,win,998.0,
0.0,0.0,2.0,1248.0,-14.0,32.20004681169342,16.10002340584671,1.0,Conflict,bet,lose,485.0,
0.0,0.0,3.0,1490.0,-21.0,35.10279620586386,24.5719573441047,1.0,Conflict,bet,win,1732.5,
0.0,0.0,4.0,2356.0,-33.0,43.87825667769773,39.49043100992795,1.0,Conflict,bet,win,3222.25,
0.0,0.0,5.0,3967.0,-46.0,56.552406662473224,56.552406662473224,1.0,Not-conflict,bet,win,5578.125,
0.0,0.0,6.0,6756.0,-64.0,73.2923851455509,80.621623660106,1.0,Conflict,bet,win,9545.0625,
0.0,0.0,7.0,11529.0,-96.0,95.0807345618663,123.60495493042619,1.0,Conflict,bet,lose,4676.53125,
0.0,0.0,8.0,13867.0,-120.0,104.02685888751037,156.04028833126557,1.0,Conflict,bet,lose,4676.53125,-120
1.0,0.0,0.0,500.0,-2.0,20.625210617611923,2.0625210617611924,1.0,Conflict,bet,lose,498.0,
1.0,0.0,1.0,749.0,-7.0,25.111499408148916,7.533449822444674,1.0,Conflict,bet,lose,242.0,
1.0,0.0,2.0,870.0,-12.0,27.011324231969166,13.505662115984583,1.0,Conflict,bet,lose,109.0,
1.0,0.0,3.0,924.0,-17.0,27.815204033849135,19.470642823694394,1.0,Conflict,bet,lose,37.5,
1.0,0.0,4.0,943.0,-21.0,28.092293319815283,25.283063987833756,1.0,Conflict,bet,win,961.75,
1.0,0.0,5.0,1424.0,-29.0,34.33676409925405,34.33676409925405,1.0,Not-conflict,bet,win,1904.875,
1.0,0.0,6.0,2376.0,-40.0,44.059261605563734,48.46518776612011,1.0,Conflict,bet,win,3328.4375,
1.0,0.0,7.0,4040.0,-59.0,57.05684124981919,74.17389362476496,1.0,Conflict,bet,win,5704.21875,
1.0,0.0,8.0,6892.0,-87.0,74.00722940203742,111.01084410305614,1.0,Conflict,bet,win,5704.21875,6892
2.0,0.0,0.0,500.0,-2.0,20.625210617611923,2.0625210617611924,1.0,Conflict,bet,win,1000.0,
2.0,0.0,1.0,1000.0,-8.0,28.906798823654754,8.672039647096426,1.0,Conflict,bet,lose,492.0,
2.0,0.0,2.0,1246.0,-14.0,32.17490598800461,16.087452994002305,1.0,Conflict,bet,win,1492.0,
2.0,0.0,3.0,1992.0,-24.0,40.43467024698933,28.30426917289253,1.0,Conflict,bet,win,2738.0,
2.0,0.0,4.0,3361.0,-38.0,52.166315731726876,46.94968415855419,1.0,Conflict,bet,lose,1331.0,
2.0,0.0,5.0,4026.0,-46.0,56.96046502992009,56.96046502992009,1.0,Not-conflict,bet,lose,619.5,
2.0,0.0,6.0,4336.0,-52.0,59.05578900578192,64.96136790636011,1.0,Conflict,bet,lose,257.75,
2.0,0.0,7.0,4465.0,-62.0,59.90499725337974,77.87649642939367,1.0,Conflict,bet,lose,66.875,
2.0,0.0,8.0,4498.0,-71.0,60.120207754163594,90.18031163124539,1.0,Conflict,bet,lose,66.875,-71
3.0,0.0,0.0,500.0,-2.0,20.625210617611923,2.0625210617611924,1.0,Conflict,bet,win,1000.0,
3.0,0.0,1.0,1000.0,-8.0,28.906798823654754,8.672039647096426,1.0,Conflict,bet,win,1500.0,
3.0,0.0,2.0,1750.0,-16.0,37.96291300452135,18.981456502260674,1.0,Conflict,bet,lose,734.0,
3.0,0.0,3.0,2117.0,-24.0,41.65105994058917,29.155741958412417,1.0,Conflict,bet,win,2484.0,
3.0,0.0,4.0,3359.0,-38.0,52.15119590157519,46.93607631141767,1.0,Conflict,bet,lose,1204.0,
3.0,0.0,5.0,3961.0,-46.0,56.51073530160865,56.51073530160865,1.0,Not-conflict,bet,lose,556.0,
3.0,0.0,6.0,4239.0,-52.0,58.40866551593012,64.24953206752313,1.0,Conflict,bet,win,4517.0,
3.0,0.0,7.0,6498.0,-74.0,71.91570086886055,93.49041112951872,1.0,Conflict,bet,lose,2184.5,
3.0,0.0,8.0,7590.0,-91.0,77.56713394826191,116.35070092239286,1.0,Conflict,bet,lose,2184.5,-91
4.0,0.0,0.0,500.0,-2.0,20.625210617611923,2.0625210617611924,1.0,Conflict,bet,lose,498.0,
4.0,0.0,1.0,749.0,-7.0,25.111499408148916,7.533449822444674,1.0,Conflict,bet,win,998.0,
4.0,0.0,2.0,1248.0,-14.0,32.20004681169342,16.10002340584671,1.0,Conflict,bet,win,1747.0,
4.0,0.0,3.0,2122.0,-24.0,41.69893852470408,29.189256967292856,1.0,Conflict,bet,lose,849.5,
4.0,0.0,4.0,2547.0,-34.0,45.57598842993687,41.01838958694319,1.0,Conflict,bet,win,2971.75,
4.0,0.0,5.0,4033.0,-46.0,57.00867459332867,57.00867459332867,1.0,Not-conflict,bet,lose,1439.875,
4.0,0.0,6.0,4753.0,-55.0,61.7565925474227,67.93225180216497,1.0,Conflict,bet,win,5472.9375,
4.0,0.0,7.0,7489.0,-79.0,77.06273272670312,100.18155254471405,1.0,Conflict,bet,lose,2657.46875,
4.0,0.0,8.0,8818.0,-97.0,83.44402336598957,125.16603504898436,1.0,Conflict,bet,lose,2657.46875,-97
5.0,0.0,0.0,500.0,-2.0,20.625210617611923,2.0625210617611924,1.0,Conflict,bet,lose,498.0,
5.0,0.0,1.0,749.0,-7.0,25.111499408148916,7.533449822444674,1.0,Conflict,bet,win,998.0,
5.0,0.0,2.0,1248.0,-14.0,32.20004681169342,16.10002340584671,1.0,Conflict,bet,win,1747.0,
5.0,0.0,3.0,2122.0,-24.0,41.69893852470408,29.189256967292856,1.0,Conflict,bet,win,2995.5,
5.0,0.0,4.0,3620.0,-40.0,54.08677338779399,48.67809604901459,1.0,Conflict,bet,win,5117.75,
5.0,0.0,5.0,6179.0,-56.0,70.17415003549495,70.17415003549495,1.0,Not-conflict,bet,win,8737.875,
5.0,0.0,6.0,10548.0,-79.0,91.05081740011101,100.15589914012213,1.0,Conflict,bet,lose,4289.9375,
5.0,0.0,7.0,12693.0,-101.0,99.6404784812034,129.53262202556442,1.0,Conflict,bet,win,14837.96875,
5.0,0.0,8.0,20112.0,-142.0,124.6759573682938,187.0139360524407,1.0,Conflict,bet,win,14837.96875,20112
6.0,0.0,0.0,500.0,-2.0,20.625210617611923,2.0625210617611924,1.0,Conflict,bet,win,1000.0,
6.0,0.0,1.0,1000.0,-8.0,28.906798823654754,8.672039647096426,1.0,Conflict,bet,win,1500.0,
6.0,0.0,2.0,1750.0,-16.0,37.96291300452135,18.981456502260674,1.0,Conflict,bet,win,2500.0,
6.0,0.0,3.0,3000.0,-29.0,49.35805653014531,34.55063957110172,1.0,Conflict,bet,win,4250.0,
6.0,0.0,4.0,5125.0,-47.0,64.06501240232399,57.65851116209159,1.0,Conflict,bet,win,7250.0,
6.0,0.0,5.0,8750.0,-66.0,83.13002705061128,83.13002705061128,1.0,Not-conflict,bet,lose,3559.0,
6.0,0.0,6.0,10530.0,-79.0,90.97511573838881,100.0726273122277,1.0,Conflict,bet,lose,1700.5,
6.0,0.0,7.0,11380.0,-96.0,94.48030391914311,122.82439509488604,1.0,Conflict,bet,win,12230.25,
6.0,0.0,8.0,17495.0,-134.0,116.49280216882578,174.73920325323866,1.0,Conflict,bet,win,12230.25,17495
7.0,0.0,0.0,500.0,-2.0,20.625210617611923,2.0625210617611924,1.0,Conflict,bet,win,1000.0,
7.0,0.0,1.0,1000.0,-8.0,28.906798823654754,8.672039647096426,1.0,Conflict,bet,win,1500.0,
7.0,0.0,2.0,1750.0,-16.0,37.96291300452135,18.981456502260674,1.0,Conflict,bet,win,2500.0,
7.0,0.0,3.0,3000.0,-29.0,49.35805653014531,34.55063957110172,1.0,Conflict,bet,lose,1221.0,
7.0,0.0,4.0,3610.0,-40.0,54.013958613114596,48.61256275180314,1.0,Conflict,bet,lose,570.5,
7.0,0.0,5.0,3895.0,-45.0,56.050195792873154,56.050195792873154,1.0,Not-conflict,bet,lose,240.25,
7.0,0.0,6.0,4015.0,-50.0,56.88462018329719,62.57308220162691,1.0,Conflict,bet,win,4135.125,
7.0,0.0,7.0,6083.0,-72.0,69.64106060398007,90.5333787851741,1.0,Conflict,bet,lose,1995.5625,
7.0,0.0,8.0,7081.0,-88.0,74.98874190760661,112.48311286140992,1.0,Conflict,bet,win,1995.5625,7081
8.0,0.0,0.0,500.0,-2.0,20.625210617611923,2.0625210617611924,1.0,Conflict,bet,lose,498.0,
8.0,0.0,1.0,749.0,-7.0,25.111499408148916,7.533449822444674,1.0,Conflict,bet,win,998.0,
8.0,0.0,2.0,1248.0,-14.0,32.20004681169342,16.10002340584671,1.0,Conflict,bet,win,1747.0,
8.0,0.0,3.0,2122.0,-24.0,41.69893852470408,29.189256967292856,1.0,Conflict,bet,lose,849.5,
8.0,0.0,4.0,2547.0,-34.0,45.57598842993687,41.01838958694319,1.0,Conflict,bet,win,2971.75,
8.0,0.0,5.0,4033.0,-46.0,57.00867459332867,57.00867459332867,1.0,Not-conflict,bet,win,5518.875,
8.0,0.0,6.0,6792.0,-64.0,73.4823215773717,80.83055373510888,1.0,Conflict,bet,win,9551.4375,
8.0,0.0,7.0,11568.0,-96.0,95.23723591848939,123.80840669403621,1.0,Conflict,bet,lose,4679.71875,
8.0,0.0,8.0,13908.0,-120.0,104.17653303440133,156.26479955160198,1.0,Conflict,bet,lose,4679.71875,-120
9.0,0.0,0.0,500.0,-2.0,20.625210617611923,2.0625210617611924,1.0,Conflict,bet,lose,498.0,
9.0,0.0,1.0,749.0,-7.0,25.111499408148916,7.533449822444674,1.0,Conflict,bet,win,998.0,
9.0,0.0,2.0,1248.0,-14.0,32.20004681169342,16.10002340584671,1.0,Conflict,bet,lose,485.0,
9.0,0.0,3.0,1490.0,-21.0,35.10279620586386,24.5719573441047,1.0,Conflict,bet,win,1732.5,
9.0,0.0,4.0,2356.0,-33.0,43.87825667769773,39.49043100992795,1.0,Conflict,bet,lose,833.25,
9.0,0.0,5.0,2773.0,-39.0,47.50251310975762,47.50251310975762,1.0,Not-conflict,bet,win,3189.625,
9.0,0.0,6.0,4368.0,-52.0,59.267640874901666,65.19440496239184,1.0,Conflict,bet,lose,1542.8125,
9.0,0.0,7.0,5139.0,-66.0,64.15018110876468,83.39523544139409,1.0,Conflict,bet,lose,705.40625,
9.0,0.0,8.0,5492.0,-78.0,66.25959353607755,99.38939030411632,1.0,Conflict,bet,lose,705.40625,-78
10.0,0.0,0.0,500.0,-2.0,20.625210617611923,2.0625210617611924,1.0,Conflict,bet,win,1000.0,
10.0,0.0,1.0,1000.0,-8.0,28.906798823654754,8.672039647096426,1.0,Conflict,bet,win,1500.0,
10.0,0.0,2.0,1750.0,-16.0,37.96291300452135,18.981456502260674,1.0,Conflict,bet,win,2500.0,
10.0,0.0,3.0,3000.0,-29.0,49.35805653014531,34.55063957110172,1.0,Conflict,bet,lose,1221.0,
10.0,0.0,4.0,3610.0,-40.0,54.013958613114596,48.61256275180314,1.0,Conflict,bet,win,4220.5,
10.0,0.0,5.0,5720.0,-54.0,67.58524088379565,67.58524088379565,1.0,Not-conflict,bet,win,7830.25,
10.0,0.0,6.0,9635.0,-76.0,87.12359492837787,95.83595442121566,1.0,Conflict,bet,lose,3839.125,
10.0,0.0,7.0,11555.0,-96.0,95.18509891642506,123.74062859135259,1.0,Conflict,bet,win,13474.5625,
10.0,0.0,8.0,18292.0,-136.0,119.04775251840701,178.5716287776105,1.0,Conflict,bet,win,13474.5625,18292
11.0,0.0,0.0,500.0,-2.0,20.625210617611923,2.0625210617611924,1.0,Conflict,bet,win,1000.0,
11.0,0.0,1.0,1000.0,-8.0,28.906798823654754,8.672039647096426,1.0,Conflict,bet,win,1500.0,
11.0,0.0,2.0,1750.0,-16.0,37.96291300452135,18.981456502260674,1.0,Conflict,bet,lose,734.0,
11.0,0.0,3.0,2117.0,-24.0,41.65105994058917,29.155741958412417,1.0,Conflict,bet,lose,343.0,
11.0,0.0,4.0,2288.0,-32.0,43.25686904718896,38.931182142470064,1.0,Conflict,bet,win,2459.5,
11.0,0.0,5.0,3518.0,-43.0,53.33914767980298,53.33914767980298,1.0,Not-conflict,bet,win,4747.75,
11.0,0.0,6.0,5892.0,-60.0,68.56744289316734,75.42418718248408,1.0,Conflict,bet,win,8265.875,
11.0,0.0,7.0,10025.0,-90.0,88.82354327324238,115.4706062552151,1.0,Conflict,bet,win,14157.9375,
11.0,0.0,8.0,17104.0,-132.0,115.2175335228903,172.82630028433545,1.0,Conflict,bet,win,14157.9375,17104
12.0,0.0,0.0,500.0,-2.0,20.625210617611923,2.0625210617611924,1.0,Conflict,bet,win,1000.0,
12.0,0.0,1.0,1000.0,-8.0,28.906798823654754,8.672039647096426,1.0,Conflict,bet,win,1500.0,
12.0,0.0,2.0,1750.0,-16.0,37.96291300452135,18.981456502260674,1.0,Conflict,bet,win,2500.0,
12.0,0.0,3.0,3000.0,-29.0,49.35805653014531,34.55063957110172,1.0,Conflict,bet,lose,1221.0,
12.0,0.0,4.0,3610.0,-40.0,54.013958613114596,48.61256275180314,1.0,Conflict,bet,win,4220.5,
12.0,0.0,5.0,5720.0,-54.0,67.58524088379565,67.58524088379565,1.0,Not-conflict,bet,lose,2056.25,
12.0,0.0,6.0,6748.0,-64.0,73.25010659114062,80.57511725025469,1.0,Conflict,bet,win,7776.125,
12.0,0.0,7.0,10636.0,-93.0,91.41996402597552,118.84595323376817,1.0,Conflict,bet,lose,3795.0625,
12.0,0.0,8.0,12534.0,-114.0,99.03066131057483,148.54599196586224,1.0,Conflict,bet,lose,3795.0625,-114
13.0,0.0,0.0,500.0,-2.0,20.625210617611923,2.0625210617611924,1.0,Conflict,bet,lose,498.0,
13.0,0.0,1.0,749.0,-7.0,25.111499408148916,7.533449822444674,1.0,Conflict,bet,lose,242.0,
13.0,0.0,2.0,870.0,-12.0,27.011324231969166,13.505662115984583,1.0,Conflict,bet,lose,109.0,
13.0,0.0,3.0,924.0,-17.0,27.815204033849135,19.470642823694394,1.0,Conflict,bet,lose,37.5,
13.0,0.0,4.0,943.0,-21.0,28.092293319815283,25.283063987833756,1.0,Conflict,bet,win,961.75,
13.0,0.0,5.0,1424.0,-29.0,34.33676409925405,34.33676409925405,1.0,Not-conflict,bet,lose,451.875,
13.0,0.0,6.0,1650.0,-33.0,36.890511832715745,40.579563015987326,1.0,Conflict,bet,win,1875.9375,
13.0,0.0,7.0,2588.0,-48.0,45.931814314449525,59.71135860878439,1.0,Conflict,bet,win,3525.96875,
13.0,0.0,8.0,4351.0,-70.0,59.15519408073603,88.73279112110404,1.0,Conflict,bet,lose,3525.96875,-70
14.0,0.0,0.0,500.0,-2.0,20.625210617611923,2.0625210617611924,1.0,Conflict,bet,lose,498.0,
14.0,0.0,1.0,749.0,-7.0,25.111499408148916,7.533449822444674,1.0,Conflict,bet,win,998.0,
14.0,0.0,2.0,1248.0,-14.0,32.20004681169342,16.10002340584671,1.0,Conflict,bet,lose,485.0,
14.0,0.0,3.0,1490.0,-21.0,35.10279620586386,24.5719573441047,1.0,Conflict,bet,win,1732.5,
14.0,0.0,4.0,2356.0,-33.0,43.87825667769773,39.49043100992795,1.0,Conflict,bet,lose,833.25,
14.0,0.0,5.0,2773.0,-39.0,47.50251310975762,47.50251310975762,1.0,Not-conflict,bet,lose,377.625,
14.0,0.0,6.0,2962.0,-44.0,49.05258752783806,53.957846280621865,1.0,Conflict,bet,win,3150.8125,
14.0,0.0,7.0,4537.0,-63.0,60.37350581111542,78.48555755445005,1.0,Conflict,bet,lose,1512.40625,
14.0,0.0,8.0,5293.0,-77.0,65.07929241790232,97.61893862685349,1.0,Conflict,bet,lose,1512.40625,-77
15.0,0.0,0.0,500.0,-2.0,20.625210617611923,2.0625210617611924,1.0,Conflict,bet,lose,498.0,
15.0,0.0,1.0,749.0,-7.0,25.111499408148916,7.533449822444674,1.0,Conflict,bet,win,998.0,
15.0,0.0,2.0,1248.0,-14.0,32.20004681169342,16.10002340584671,1.0,Conflict,bet,win,1747.0,
15.0,0.0,3.0,2122.0,-24.0,41.69893852470408,29.189256967292856,1.0,Conflict,bet,lose,849.5,
15.0,0.0,4.0,2547.0,-34.0,45.57598842993687,41.01838958694319,1.0,Conflict,bet,lose,390.75,
15.0,0.0,5.0,2742.0,-39.0,47.243150141466884,47.243150141466884,1.0,Not-conflict,bet,win,2937.375,
15.0,0.0,6.0,4211.0,-52.0,58.22045733138776,64.04250306452654,1.0,Conflict,bet,lose,1416.6875,
15.0,0.0,7.0,4919.0,-65.0,62.797739739633094,81.63706166152302,1.0,Conflict,bet,lose,643.34375,
15.0,0.0,8.0,5241.0,-77.0,64.76713641461559,97.15070462192338,1.0,Conflict,bet,win,643.34375,5241
16.0,0.0,0.0,500.0,-2.0,20.625210617611923,2.0625210617611924,1.0,Conflict,bet,win,1000.0,
16.0,0.0,1.0,1000.0,-8.0,28.906798823654754,8.672039647096426,1.0,Conflict,bet,lose,492.0,
16.0,0.0,2.0,1246.0,-14.0,32.17490598800461,16.087452994002305,1.0,Conflict,bet,lose,232.0,
16.0,0.0,3.0,1362.0,-20.0,33.60038482496417,23.52026937747492,1.0,Conflict,bet,win,1478.0,
16.0,0.0,4.0,2101.0,-31.0,41.49745737600078,37.3477116384007,1.0,Conflict,bet,lose,708.0,
16.0,0.0,5.0,2455.0,-37.0,44.766699737170015,44.766699737170015,1.0,Not-conflict,bet,lose,317.0,
16.0,0.0,6.0,2614.0,-41.0,46.155963266082054,50.77155959269027,1.0,Conflict,bet,win,2772.5,
16.0,0.0,7.0,4000.0,-59.0,56.781023394049114,73.81533041226385,1.0,Conflict,bet,lose,1327.25,
16.0,0.0,8.0,4664.0,-73.0,61.190698370125325,91.78604755518799,1.0,Conflict,bet,win,1327.25,4664
17.0,0.0,0.0,500.0,-2.0,20.625210617611923,2.0625210617611924,1.0,Conflict,bet,lose,498.0,
17.0,0.0,1.0,749.0,-7.0,25.111499408148916,7.533449822444674,1.0,Conflict,bet,lose,242.0,
17.0,0.0,2.0,870.0,-12.0,27.011324231969166,13.505662115984583,1.0,Conflict,bet,lose,109.0,
17.0,0.0,3.0,924.0,-17.0,27.815204033849135,19.470642823694394,1.0,Conflict,bet,win,978.5,
17.0,0.0,4.0,1413.0,-26.0,34.20733437095405,30.786600933858647,1.0,Conflict,bet,lose,463.25,
17.0,0.0,5.0,1645.0,-31.0,36.83602799975495,36.83602799975495,1.0,Not-conflict,bet,win,1876.625,
17.0,0.0,6.0,2583.0,-41.0,45.888576506520096,50.47743415717211,1.0,Conflict,bet,win,3521.3125,
17.0,0.0,7.0,4344.0,-61.0,59.1088269600724,76.84147504809413,1.0,Conflict,bet,win,6104.65625,
17.0,0.0,8.0,7396.0,-90.0,76.59518889010977,114.89278333516465,1.0,Conflict,bet,win,6104.65625,7396
18.0,0.0,0.0,500.0,-2.0,20.625210617611923,2.0625210617611924,1.0,Conflict,bet,win,1000.0,
18.0,0.0,1.0,1000.0,-8.0,28.906798823654754,8.672039647096426,1.0,Conflict,bet,lose,492.0,
18.0,0.0,2.0,1246.0,-14.0,32.17490598800461,16.087452994002305,1.0,Conflict,bet,win,1492.0,
18.0,0.0,3.0,1992.0,-24.0,40.43467024698933,28.30426917289253,1.0,Conflict,bet,win,2738.0,
18.0,0.0,4.0,3361.0,-38.0,52.166315731726876,46.94968415855419,1.0,Conflict,bet,win,4730.0,
18.0,0.0,5.0,5726.0,-54.0,67.61975678723782,67.61975678723782,1.0,Not-conflict,bet,lose,2311.0,
18.0,0.0,6.0,6882.0,-65.0,73.95491520566637,81.350406726233,1.0,Conflict,bet,lose,1090.5,
18.0,0.0,7.0,7427.0,-78.0,76.75137020140224,99.77678126182292,1.0,Conflict,bet,lose,467.25,
18.0,0.0,8.0,7661.0,-91.0,77.91965485345524,116.87948228018286,1.0,Conflict,bet,lose,467.25,-91
19.0,0.0,0.0,500.0,-2.0,20.625210617611923,2.0625210617611924,1.0,Conflict,bet,win,1000.0,
19.0,0.0,1.0,1000.0,-8.0,28.906798823654754,8.672039647096426,1.0,Conflict,bet,lose,492.0,
19.0,0.0,2.0,1246.0,-14.0,32.17490598800461,16.087452994002305,1.0,Conflict,bet,lose,232.0,
19.0,0.0,3.0,1362.0,-20.0,33.60038482496417,23.52026937747492,1.0,Conflict,bet,lose,96.0,
19.0,0.0,4.0,1410.0,-26.0,34.17194572167899,30.75475114951109,1.0,Conflict,bet,win,1458.0,
19.0,0.0,5.0,2139.0,-34.0,41.861294302128286,41.861294302128286,1.0,Not-conflict,bet,win,2868.0,
19.0,0.0,6.0,3573.0,-48.0,53.743640184450726,59.118004202895804,1.0,Conflict,bet,lose,1386.0,
19.0,0.0,7.0,4266.0,-61.0,58.58954893323607,76.16641361320688,1.0,Conflict,bet,win,4959.0,
19.0,0.0,8.0,6746.0,-86.0,73.23953293546433,109.85929940319649,1.0,Conflict,bet,win,4959.0,6746
20.0,0.0,0.0,500.0,-2.0,20.625210617611923,2.0625210617611924,1.0,Conflict,bet,lose,498.0,
20.0,0.0,1.0,749.0,-7.0,25.111499408148916,7.533449822444674,1.0,Conflict,bet,win,998.0,
20.0,0.0,2.0,1248.0,-14.0,32.20004681169342,16.10002340584671,1.0,Conflict,bet,lose,485.0,
20.0,0.0,3.0,1490.0,-21.0,35.10279620586386,24.5719573441047,1.0,Conflict,bet,win,1732.5,
20.0,0.0,4.0,2356.0,-33.0,43.87825667769773,39.49043100992795,1.0,Conflict,bet,win,3222.25,
20.0,0.0,5.0,3967.0,-46.0,56.552406662473224,56.552406662473224,1.0,Not-conflict,bet,lose,1565.125,
20.0,0.0,6.0,4750.0,-55.0,61.73760643469145,67.9113670781606,1.0,Conflict,bet,win,5532.5625,
20.0,0.0,7.0,7516.0,-79.0,77.19791265980321,100.35728645774418,1.0,Conflict,bet,win,10282.28125,
20.0,0.0,8.0,12657.0,-115.0,99.502751424118,149.254127136177,1.0,Conflict,bet,lose,10282.28125,-115
21.0,0.0,0.0,500.0,-2.0,20.625210617611923,2.0625210617611924,1.0,Conflict,bet,lose,498.0,
21.0,0.0,1.0,749.0,-7.0,25.111499408148916,7.533449822444674,1.0,Conflict,bet,win,998.0,
21.0,0.0,2.0,1248.0,-14.0,32.20004681169342,16.10002340584671,1.0,Conflict,bet,lose,485.0,
21.0,0.0,3.0,1490.0,-21.0,35.10279620586386,24.5719573441047,1.0,Conflict,bet,lose,221.5,
21.0,0.0,4.0,1601.0,-27.0,36.35285955795385,32.71757360215847,1.0,Conflict,bet,lose,83.75,
21.0,0.0,5.0,1643.0,-31.0,36.81421068247227,36.81421068247227,1.0,Not-conflict,bet,win,1684.875,
21.0,0.0,6.0,2485.0,-40.0,45.03228180675792,49.53550998743372,1.0,Conflict,bet,lose,802.4375,
21.0,0.0,7.0,2886.0,-51.0,48.43555841891771,62.96622594459302,1.0,Conflict,bet,lose,350.21875,
21.0,0.0,8.0,3061.0,-60.0,49.84429314268676,74.76643971403014,1.0,Conflict,bet,win,350.21875,3061
22.0,0.0,0.0,500.0,-2.0,20.625210617611923,2.0625210617611924,1.0,Conflict,bet,lose,498.0,
22.0,0.0,1.0,749.0,-7.0,25.111499408148916,7.533449822444674,1.0,Conflict,bet,win,998.0,
22.0,0.0,2.0,1248.0,-14.0,32.20004681169342,16.10002340584671,1.0,Conflict,bet,win,1747.0,
22.0,0.0,3.0,2122.0,-24.0,41.69893852470408,29.189256967292856,1.0,Conflict,bet,lose,849.5,
22.0,0.0,4.0,2547.0,-34.0,45.57598842993687,41.01838958694319,1.0,Conflict,bet,lose,390.75,
22.0,0.0,5.0,2742.0,-39.0,47.243150141466884,47.243150141466884,1.0,Not-conflict,bet,lose,156.375,
22.0,0.0,6.0,2820.0,-43.0,47.89291991743046,52.68221190917351,1.0,Conflict,bet,win,2898.1875,
22.0,0.0,7.0,4269.0,-61.0,58.609610793545386,76.192494031609,1.0,Conflict,bet,win,5718.09375,
22.0,0.0,8.0,7128.0,-88.0,75.23072818510471,112.84609227765706,1.0,Conflict,bet,lose,5718.09375,-88
23.0,0.0,0.0,500.0,-2.0,20.625210617611923,2.0625210617611924,1.0,Conflict,bet,win,1000.0,
23.0,0.0,1.0,1000.0,-8.0,28.906798823654754,8.672039647096426,1.0,Conflict,bet,lose,492.0,
23.0,0.0,2.0,1246.0,-14.0,32.17490598800461,16.087452994002305,1.0,Conflict,bet,win,1492.0,
23.0,0.0,3.0,1992.0,-24.0,40.43467024698933,28.30426917289253,1.0,Conflict,bet,lose,722.0,
23.0,0.0,4.0,2353.0,-33.0,43.85103805106225,39.46593424595602,1.0,Conflict,bet,win,2714.0,
23.0,0.0,5.0,3710.0,-44.0,54.73751711370418,54.73751711370418,1.0,Not-conflict,bet,lose,1313.0,
23.0,0.0,6.0,4366.0,-52.0,59.2544235068862,65.17986585757482,1.0,Conflict,bet,win,5022.5,
23.0,0.0,7.0,6877.0,-76.0,73.92874348381153,96.107366528955,1.0,Conflict,bet,win,9388.25,
23.0,0.0,8.0,11571.0,-110.0,95.2492632652415,142.87389489786224,1.0,Conflict,bet,win,9388.25,11571
24.0,0.0,0.0,500.0,-2.0,20.625210617611923,2.0625210617611924,1.0,Conflict,bet,lose,498.0,
24.0,0.0,1.0,749.0,-7.0,25.111499408148916,7.533449822444674,1.0,Conflict,bet,win,998.0,
24.0,0.0,2.0,1248.0,-14.0,32.20004681169342,16.10002340584671,1.0,Conflict,bet,win,1747.0,
24.0,0.0,3.0,2122.0,-24.0,41.69893852470408,29.189256967292856,1.0,Conflict,bet,lose,849.5,
24.0,0.0,4.0,2547.0,-34.0,45.57598842993687,41.01838958694319,1.0,Conflict,bet,win,2971.75,
24.0,0.0,5.0,4033.0,-46.0,57.00867459332867,57.00867459332867,1.0,Not-conflict,bet,win,5518.875,
24.0,0.0,6.0,6792.0,-64.0,73.4823215773717,80.83055373510888,1.0,Conflict,bet,win,9551.4375,
24.0,0.0,7.0,11568.0,-96.0,95.23723591848939,123.80840669403621,1.0,Conflict,bet,win,16343.71875,
24.0,0.0,8.0,19740.0,-141.0,123.54752828222378,185.32129242333568,1.0,Conflict,bet,lose,16343.71875,-141
25.0,0.0,0.0,500.0,-2.0,20.625210617611923,2.0625210617611924,1.0,Conflict,bet,win,1000.0,
25.0,0.0,1.0,1000.0,-8.0,28.906798823654754,8.672039647096426,1.0,Conflict,bet,win,1500.0,
25.0,0.0,2.0,1750.0,-16.0,37.96291300452135,18.981456502260674,1.0,Conflict,bet,win,2500.0,
25.0,0.0,3.0,3000.0,-29.0,49.35805653014531,34.55063957110172,1.0,Conflict,bet,lose,1221.0,
25.0,0.0,4.0,3610.0,-40.0,54.013958613114596,48.61256275180314,1.0,Conflict,bet,lose,570.5,
25.0,0.0,5.0,3895.0,-45.0,56.050195792873154,56.050195792873154,1.0,Not-conflict,bet,lose,240.25,
25.0,0.0,6.0,4015.0,-50.0,56.88462018329719,62.57308220162691,1.0,Conflict,bet,win,4135.125,
25.0,0.0,7.0,6083.0,-72.0,69.64106060398007,90.5333787851741,1.0,Conflict,bet,lose,1995.5625,
25.0,0.0,8.0,7081.0,-88.0,74.98874190760661,112.48311286140992,1.0,Conflict,bet,lose,1995.5625,-88
26.0,0.0,0.0,500.0,-2.0,20.625210617611923,2.0625210617611924,1.0,Conflict,bet,lose,498.0,
26.0,0.0,1.0,749.0,-7.0,25.111499408148916,7.533449822444674,1.0,Conflict,bet,win,998.0,
26.0,0.0,2.0,1248.0,-14.0,32.20004681169342,16.10002340584671,1.0,Conflict,bet,win,1747.0,
26.0,0.0,3.0,2122.0,-24.0,41.69893852470408,29.189256967292856,1.0,Conflict,bet,lose,849.5,
26.0,0.0,4.0,2547.0,-34.0,45.57598842993687,41.01838958694319,1.0,Conflict,bet,win,2971.75,
26.0,0.0,5.0,4033.0,-46.0,57.00867459332867,57.00867459332867,1.0,Not-conflict,bet,win,5518.875,
26.0,0.0,6.0,6792.0,-64.0,73.4823215773717,80.83055373510888,1.0,Conflict,bet,win,9551.4375,
26.0,0.0,7.0,11568.0,-96.0,95.23723591848939,123.80840669403621,1.0,Conflict,bet,win,16343.71875,
26.0,0.0,8.0,19740.0,-141.0,123.54752828222378,185.32129242333568,1.0,Conflict,bet,win,16343.71875,19740
27.0,0.0,0.0,500.0,-2.0,20.625210617611923,2.0625210617611924,1.0,Conflict,bet,win,1000.0,
27.0,0.0,1.0,1000.0,-8.0,28.906798823654754,8.672039647096426,1.0,Conflict,bet,win,1500.0,
27.0,0.0,2.0,1750.0,-16.0,37.96291300452135,18.981456502260674,1.0,Conflict,bet,win,2500.0,
27.0,0.0,3.0,3000.0,-29.0,49.35805653014531,34.55063957110172,1.0,Conflict,bet,lose,1221.0,
27.0,0.0,4.0,3610.0,-40.0,54.013958613114596,48.61256275180314,1.0,Conflict,bet,lose,570.5,
27.0,0.0,5.0,3895.0,-45.0,56.050195792873154,56.050195792873154,1.0,Not-conflict,bet,win,4180.25,
27.0,0.0,6.0,5985.0,-61.0,69.09239438731969,76.00163382605166,1.0,Conflict,bet,lose,2029.125,
27.0,0.0,7.0,7000.0,-76.0,74.56976002655986,96.94068803452782,1.0,Conflict,bet,win,8014.5625,
27.0,0.0,8.0,11007.0,-108.0,92.95928757019196,139.43893135528793,1.0,Conflict,bet,lose,8014.5625,-108
28.0,0.0,0.0,500.0,-2.0,20.625210617611923,2.0625210617611924,1.0,Conflict,bet,lose,498.0,
28.0,0.0,1.0,749.0,-7.0,25.111499408148916,7.533449822444674,1.0,Conflict,bet,lose,242.0,
28.0,0.0,2.0,870.0,-12.0,27.011324231969166,13.505662115984583,1.0,Conflict,bet,lose,109.0,
28.0,0.0,3.0,924.0,-17.0,27.815204033849135,19.470642823694394,1.0,Conflict,bet,lose,37.5,
28.0,0.0,4.0,943.0,-21.0,28.092293319815283,25.283063987833756,1.0,Conflict,bet,win,961.75,
28.0,0.0,5.0,1424.0,-29.0,34.33676409925405,34.33676409925405,1.0,Not-conflict,bet,lose,451.875,
28.0,0.0,6.0,1650.0,-33.0,36.890511832715745,40.579563015987326,1.0,Conflict,bet,lose,192.9375,
28.0,0.0,7.0,1746.0,-40.0,37.92063005512588,49.29681907166365,1.0,Conflict,bet,win,1842.46875,
28.0,0.0,8.0,2667.0,-56.0,46.60936740833852,69.91405111250778,1.0,Conflict,bet,lose,1842.46875,-56
29.0,0.0,0.0,500.0,-2.0,20.625210617611923,2.0625210617611924,1.0,Conflict,bet,lose,498.0,
29.0,0.0,1.0,749.0,-7.0,25.111499408148916,7.533449822444674,1.0,Conflict,bet,lose,242.0,
29.0,0.0,2.0,870.0,-12.0,27.011324231969166,13.505662115984583,1.0,Conflict,bet,win,991.0,
29.0,0.0,3.0,1366.0,-20.0,33.64840561506444,23.55388393054511,1.0,Conflict,bet,win,1861.5,
29.0,0.0,4.0,2297.0,-32.0,43.339650490373,39.00568544133571,1.0,Conflict,bet,win,3227.75,
29.0,0.0,5.0,3911.0,-46.0,56.16220706332257,56.16220706332257,1.0,Not-conflict,bet,lose,1567.875,
29.0,0.0,6.0,4695.0,-54.0,61.388431277812664,67.52727440559394,1.0,Conflict,bet,lose,729.9375,
29.0,0.0,7.0,5060.0,-66.0,63.66801379453244,82.76841793289218,1.0,Conflict,bet,win,5424.96875,
29.0,0.0,8.0,7772.0,-92.0,78.467437413533,117.70115612029952,1.0,Conflict,bet,win,5424.96875,7772
30.0,0.0,0.0,500.0,-2.0,20.625210617611923,2.0625210617611924,1.0,Conflict,bet,lose,498.0,
30.0,0.0,1.0,749.0,-7.0,25.111499408148916,7.533449822444674,1.0,Conflict,bet,win,998.0,
30.0,0.0,2.0,1248.0,-14.0,32.20004681169342,16.10002340584671,1.0,Conflict,bet,lose,485.0,
30.0,0.0,3.0,1490.0,-21.0,35.10279620586386,24.5719573441047,1.0,Conflict,bet,win,1732.5,
30.0,0.0,4.0,2356.0,-33.0,43.87825667769773,39.49043100992795,1.0,Conflict,bet,win,3222.25,
30.0,0.0,5.0,3967.0,-46.0,56.552406662473224,56.552406662473224,1.0,Not-conflict,bet,win,5578.125,
30.0,0.0,6.0,6756.0,-64.0,73.2923851455509,80.621623660106,1.0,Conflict,bet,win,9545.0625,
30.0,0.0,7.0,11529.0,-96.0,95.0807345618663,123.60495493042619,1.0,Conflict,bet,lose,4676.53125,
30.0,0.0,8.0,13867.0,-120.0,104.02685888751037,156.04028833126557,1.0,Conflict,bet,win,4676.53125,13867
31.0,0.0,0.0,500.0,-2.0,20.625210617611923,2.0625210617611924,1.0,Conflict,bet,win,1000.0,
31.0,0.0,1.0,1000.0,-8.0,28.906798823654754,8.672039647096426,1.0,Conflict,bet,win,1500.0,
31.0,0.0,2.0,1750.0,-16.0,37.96291300452135,18.981456502260674,1.0,Conflict,bet,lose,734.0,
31.0,0.0,3.0,2117.0,-24.0,41.65105994058917,29.155741958412417,1.0,Conflict,bet,win,2484.0,
31.0,0.0,4.0,3359.0,-38.0,52.15119590157519,46.93607631141767,1.0,Conflict,bet,win,4601.0,
31.0,0.0,5.0,5660.0,-54.0,67.23905513890509,67.23905513890509,1.0,Not-conflict,bet,win,7960.5,
31.0,0.0,6.0,9640.0,-76.0,87.1456102602531,95.86017128627842,1.0,Conflict,bet,win,13620.25,
31.0,0.0,7.0,16450.0,-113.0,113.05057989624028,146.96575386511236,1.0,Conflict,bet,lose,6697.125,
31.0,0.0,8.0,19799.0,-141.0,123.72722300013082,185.59083450019622,1.0,Conflict,bet,lose,6697.125,-141
32.0,0.0,0.0,500.0,-2.0,20.625210617611923,2.0625210617611924,1.0,Conflict,bet,win,1000.0,
32.0,0.0,1.0,1000.0,-8.0,28.906798823654754,8.672039647096426,1.0,Conflict,bet,win,1500.0,
32.0,0.0,2.0,1750.0,-16.0,37.96291300452135,18.981456502260674,1.0,Conflict,bet,win,2500.0,
32.0,0.0,3.0,3000.0,-29.0,49.35805653014531,34.55063957110172,1.0,Conflict,bet,win,4250.0,
32.0,0.0,4.0,5125.0,-47.0,64.06501240232399,57.65851116209159,1.0,Conflict,bet,lose,2078.0,
32.0,0.0,5.0,6164.0,-56.0,70.0911363190884,70.0911363190884,1.0,Not-conflict,bet,lose,983.0,
32.0,0.0,6.0,6656.0,-64.0,72.76204282592849,80.03824710852135,1.0,Conflict,bet,lose,427.5,
32.0,0.0,7.0,6870.0,-76.0,73.8920866682727,96.05971266875451,1.0,Conflict,bet,win,7083.75,
32.0,0.0,8.0,10412.0,-105.0,90.47719659209879,135.7157948881482,1.0,Conflict,bet,win,7083.75,10412
33.0,0.0,0.0,500.0,-2.0,20.625210617611923,2.0625210617611924,1.0,Conflict,bet,lose,498.0,
33.0,0.0,1.0,749.0,-7.0,25.111499408148916,7.533449822444674,1.0,Conflict,bet,lose,242.0,
33.0,0.0,2.0,870.0,-12.0,27.011324231969166,13.505662115984583,1.0,Conflict,bet,win,991.0,
33.0,0.0,3.0,1366.0,-20.0,33.64840561506444,23.55388393054511,1.0,Conflict,bet,lose,475.5,
33.0,0.0,4.0,1604.0,-27.0,36.3860175995149,32.74741583956341,1.0,Conflict,bet,win,1841.75,
33.0,0.0,5.0,2525.0,-37.0,45.383845621514496,45.383845621514496,1.0,Not-conflict,bet,win,3445.875,
33.0,0.0,6.0,4248.0,-52.0,58.469025486019014,64.31592803462092,1.0,Conflict,bet,win,5970.9375,
33.0,0.0,7.0,7233.0,-78.0,75.76839583820578,98.4989145896675,1.0,Conflict,bet,win,10218.46875,
33.0,0.0,8.0,12342.0,-114.0,98.28896434304171,147.43344651456258,1.0,Conflict,bet,lose,10218.46875,-114
34.0,0.0,0.0,500.0,-2.0,20.625210617611923,2.0625210617611924,1.0,Conflict,bet,win,1000.0,
34.0,0.0,1.0,1000.0,-8.0,28.906798823654754,8.672039647096426,1.0,Conflict,bet,win,1500.0,
34.0,0.0,2.0,1750.0,-16.0,37.96291300452135,18.981456502260674,1.0,Conflict,bet,lose,734.0,
34.0,0.0,3.0,2117.0,-24.0,41.65105994058917,29.155741958412417,1.0,Conflict,bet,win,2484.0,
34.0,0.0,4.0,3359.0,-38.0,52.15119590157519,46.93607631141767,1.0,Conflict,bet,win,4601.0,
34.0,0.0,5.0,5660.0,-54.0,67.23905513890509,67.23905513890509,1.0,Not-conflict,bet,lose,2246.5,
34.0,0.0,6.0,6783.0,-64.0,73.43488598306539,80.77837458137193,1.0,Conflict,bet,win,7906.25,
34.0,0.0,7.0,10736.0,-93.0,91.83755202500214,119.38881763250278,1.0,Conflict,bet,lose,3860.125,
34.0,0.0,8.0,12666.0,-115.0,99.53720200832663,149.30580301248995,1.0,Conflict,bet,lose,3860.125,-115
35.0,0.0,0.0,500.0,-2.0,20.625210617611923,2.0625210617611924,1.0,Conflict,bet,lose,498.0,
35.0,0.0,1.0,749.0,-7.0,25.111499408148916,7.533449822444674,1.0,Conflict,bet,lose,242.0,
35.0,0.0,2.0,870.0,-12.0,27.011324231969166,13.505662115984583,1.0,Conflict,bet,win,991.0,
35.0,0.0,3.0,1366.0,-20.0,33.64840561506444,23.55388393054511,1.0,Conflict,bet,lose,475.5,
35.0,0.0,4.0,1604.0,-27.0,36.3860175995149,32.74741583956341,1.0,Conflict,bet,win,1841.75,
35.0,0.0,5.0,2525.0,-37.0,45.383845621514496,45.383845621514496,1.0,Not-conflict,bet,lose,883.875,
35.0,0.0,6.0,2967.0,-44.0,49.09289521778619,54.00218473956482,1.0,Conflict,bet,lose,397.9375,
35.0,0.0,7.0,3166.0,-53.0,50.66975605529026,65.87068287187734,1.0,Conflict,bet,lose,145.96875,
35.0,0.0,8.0,3239.0,-61.0,51.2354000641549,76.85310009623235,1.0,Conflict,bet,lose,145.96875,-61
36.0,0.0,0.0,500.0,-2.0,20.625210617611923,2.0625210617611924,1.0,Conflict,bet,lose,498.0,
36.0,0.0,1.0,749.0,-7.0,25.111499408148916,7.533449822444674,1.0,Conflict,bet,win,998.0,
36.0,0.0,2.0,1248.0,-14.0,32.20004681169342,16.10002340584671,1.0,Conflict,bet,win,1747.0,
36.0,0.0,3.0,2122.0,-24.0,41.69893852470408,29.189256967292856,1.0,Conflict,bet,win,2995.5,
36.0,0.0,4.0,3620.0,-40.0,54.08677338779399,48.67809604901459,1.0,Conflict,bet,lose,1457.75,
36.0,0.0,5.0,4349.0,-48.0,59.14195023934338,59.14195023934338,1.0,Not-conflict,bet,win,5077.875,
36.0,0.0,6.0,6888.0,-65.0,73.98630839929332,81.38493923922266,1.0,Conflict,bet,lose,2473.9375,
36.0,0.0,7.0,8125.0,-82.0,80.18331016260191,104.23830321138249,1.0,Conflict,bet,lose,1154.96875,
36.0,0.0,8.0,8702.0,-97.0,82.90762825985041,124.36144238977562,1.0,Conflict,bet,win,1154.96875,8702
37.0,0.0,0.0,500.0,-2.0,20.625210617611923,2.0625210617611924,1.0,Conflict,bet,win,1000.0,
37.0,0.0,1.0,1000.0,-8.0,28.906798823654754,8.672039647096426,1.0,Conflict,bet,lose,492.0,
37.0,0.0,2.0,1246.0,-14.0,32.17490598800461,16.087452994002305,1.0,Conflict,bet,lose,232.0,
37.0,0.0,3.0,1362.0,-20.0,33.60038482496417,23.52026937747492,1.0,Conflict,bet,lose,96.0,
37.0,0.0,4.0,1410.0,-26.0,34.17194572167899,30.75475114951109,1.0,Conflict,bet,win,1458.0,
37.0,0.0,5.0,2139.0,-34.0,41.861294302128286,41.861294302128286,1.0,Not-conflict,bet,lose,695.0,
37.0,0.0,6.0,2486.0,-40.0,45.041106135943096,49.54521674953741,1.0,Conflict,bet,lose,307.5,
37.0,0.0,7.0,2640.0,-49.0,46.378971381526526,60.292662795984484,1.0,Conflict,bet,lose,104.75,
37.0,0.0,8.0,2692.0,-56.0,46.82163251730088,70.23244877595131,1.0,Conflict,bet,lose,104.75,-56
38.0,0.0,0.0,500.0,-2.0,20.625210617611923,2.0625210617611924,1.0,Conflict,bet,lose,498.0,
38.0,0.0,1.0,749.0,-7.0,25.111499408148916,7.533449822444674,1.0,Conflict,bet,lose,242.0,
38.0,0.0,2.0,870.0,-12.0,27.011324231969166,13.505662115984583,1.0,Conflict,bet,win,991.0,
38.0,0.0,3.0,1366.0,-20.0,33.64840561506444,23.55388393054511,1.0,Conflict,bet,lose,475.5,
38.0,0.0,4.0,1604.0,-27.0,36.3860175995149,32.74741583956341,1.0,Conflict,bet,lose,210.75,
38.0,0.0,5.0,1709.0,-31.0,37.52713283743078,37.52713283743078,1.0,Not-conflict,bet,lose,74.375,
38.0,0.0,6.0,1746.0,-34.0,37.92063005512588,41.71269306063847,1.0,Conflict,bet,win,1783.1875,
38.0,0.0,7.0,2638.0,-49.0,46.36185702567835,60.270414133381855,1.0,Conflict,bet,lose,842.59375,
38.0,0.0,8.0,3059.0,-60.0,49.828430195763886,74.74264529364584,1.0,Conflict,bet,lose,842.59375,-60
39.0,0.0,0.0,500.0,-2.0,20.625210617611923,2.0625210617611924,1.0,Conflict,bet,win,1000.0,
39.0,0.0,1.0,1000.0,-8.0,28.906798823654754,8.672039647096426,1.0,Conflict,bet,win,1500.0,
39.0,0.0,2.0,1750.0,-16.0,37.96291300452135,18.981456502260674,1.0,Conflict,bet,lose,734.0,
39.0,0.0,3.0,2117.0,-24.0,41.65105994058917,29.155741958412417,1.0,Conflict,bet,win,2484.0,
39.0,0.0,4.0,3359.0,-38.0,52.15119590157519,46.93607631141767,1.0,Conflict,bet,lose,1204.0,
39.0,0.0,5.0,3961.0,-46.0,56.51073530160865,56.51073530160865,1.0,Not-conflict,bet,win,4563.0,
39.0,0.0,6.0,6242.0,-62.0,70.52168381830685,77.57385220013755,1.0,Conflict,bet,lose,2219.5,
39.0,0.0,7.0,7352.0,-78.0,76.37293445792567,99.28481479530338,1.0,Conflict,bet,win,8461.75,
39.0,0.0,8.0,11583.0,-110.0,95.2973566626205,142.94603499393077,1.0,Conflict,bet,lose,8461.75,-110
40.0,0.0,0.0,500.0,-2.0,20.625210617611923,2.0625210617611924,1.0,Conflict,bet,win,1000.0,
40.0,0.0,1.0,1000.0,-8.0,28.906798823654754,8.672039647096426,1.0,Conflict,bet,lose,492.0,
40.0,0.0,2.0,1246.0,-14.0,32.17490598800461,16.087452994002305,1.0,Conflict,bet,win,1492.0,
40.0,0.0,3.0,1992.0,-24.0,40.43467024698933,28.30426917289253,1.0,Conflict,bet,win,2738.0,
40.0,0.0,4.0,3361.0,-38.0,52.166315731726876,46.94968415855419,1.0,Conflict,bet,lose,1331.0,
40.0,0.0,5.0,4026.0,-46.0,56.96046502992009,56.96046502992009,1.0,Not-conflict,bet,lose,619.5,
40.0,0.0,6.0,4336.0,-52.0,59.05578900578192,64.96136790636011,1.0,Conflict,bet,win,4645.75,
40.0,0.0,7.0,6659.0,-75.0,72.77801233575471,94.61141603648113,1.0,Conflict,bet,lose,2247.875,
40.0,0.0,8.0,7783.0,-92.0,78.52150297834304,117.78225446751455,1.0,Conflict,bet,win,2247.875,7783
41.0,0.0,0.0,500.0,-2.0,20.625210617611923,2.0625210617611924,1.0,Conflict,bet,lose,498.0,
41.0,0.0,1.0,749.0,-7.0,25.111499408148916,7.533449822444674,1.0,Conflict,bet,lose,242.0,
41.0,0.0,2.0,870.0,-12.0,27.011324231969166,13.505662115984583,1.0,Conflict,bet,win,991.0,
41.0,0.0,3.0,1366.0,-20.0,33.64840561506444,23.55388393054511,1.0,Conflict,bet,lose,475.5,
41.0,0.0,4.0,1604.0,-27.0,36.3860175995149,32.74741583956341,1.0,Conflict,bet,win,1841.75,
41.0,0.0,5.0,2525.0,-37.0,45.383845621514496,45.383845621514496,1.0,Not-conflict,bet,lose,883.875,
41.0,0.0,6.0,2967.0,-44.0,49.09289521778619,54.00218473956482,1.0,Conflict,bet,lose,397.9375,
41.0,0.0,7.0,3166.0,-53.0,50.66975605529026,65.87068287187734,1.0,Conflict,bet,win,3364.96875,
41.0,0.0,8.0,4848.0,-74.0,62.3546709311557,93.53200639673355,1.0,Conflict,bet,win,3364.96875,4848
42.0,0.0,0.0,500.0,-2.0,20.625210617611923,2.0625210617611924,1.0,Conflict,bet,win,1000.0,
42.0,0.0,1.0,1000.0,-8.0,28.906798823654754,8.672039647096426,1.0,Conflict,bet,win,1500.0,
42.0,0.0,2.0,1750.0,-16.0,37.96291300452135,18.981456502260674,1.0,Conflict,bet,win,2500.0,
42.0,0.0,3.0,3000.0,-29.0,49.35805653014531,34.55063957110172,1.0,Conflict,bet,lose,1221.0,
42.0,0.0,4.0,3610.0,-40.0,54.013958613114596,48.61256275180314,1.0,Conflict,bet,win,4220.5,
42.0,0.0,5.0,5720.0,-54.0,67.58524088379565,67.58524088379565,1.0,Not-conflict,bet,lose,2056.25,
42.0,0.0,6.0,6748.0,-64.0,73.25010659114062,80.57511725025469,1.0,Conflict,bet,lose,964.125,
42.0,0.0,7.0,7230.0,-78.0,75.75308968507215,98.4790165905938,1.0,Conflict,bet,lose,404.0625,
42.0,0.0,8.0,7432.0,-90.0,76.77652939423345,115.16479409135017,1.0,Conflict,bet,lose,404.0625,-90
43.0,0.0,0.0,500.0,-2.0,20.625210617611923,2.0625210617611924,1.0,Conflict,bet,win,1000.0,
43.0,0.0,1.0,1000.0,-8.0,28.906798823654754,8.672039647096426,1.0,Conflict,bet,win,1500.0,
43.0,0.0,2.0,1750.0,-16.0,37.96291300452135,18.981456502260674,1.0,Conflict,bet,lose,734.0,
43.0,0.0,3.0,2117.0,-24.0,41.65105994058917,29.155741958412417,1.0,Conflict,bet,win,2484.0,
43.0,0.0,4.0,3359.0,-38.0,52.15119590157519,46.93607631141767,1.0,Conflict,bet,win,4601.0,
43.0,0.0,5.0,5660.0,-54.0,67.23905513890509,67.23905513890509,1.0,Not-conflict,bet,lose,2246.5,
43.0,0.0,6.0,6783.0,-64.0,73.43488598306539,80.77837458137193,1.0,Conflict,bet,win,7906.25,
43.0,0.0,7.0,10736.0,-93.0,91.83755202500214,119.38881763250278,1.0,Conflict,bet,lose,3860.125,
43.0,0.0,8.0,12666.0,-115.0,99.53720200832663,149.30580301248995,1.0,Conflict,bet,win,3860.125,12666
44.0,0.0,0.0,500.0,-2.0,20.625210617611923,2.0625210617611924,1.0,Conflict,bet,lose,498.0,
44.0,0.0,1.0,749.0,-7.0,25.111499408148916,7.533449822444674,1.0,Conflict,bet,win,998.0,
44.0,0.0,2.0,1248.0,-14.0,32.20004681169342,16.10002340584671,1.0,Conflict,bet,win,1747.0,
44.0,0.0,3.0,2122.0,-24.0,41.69893852470408,29.189256967292856,1.0,Conflict,bet,lose,849.5,
44.0,0.0,4.0,2547.0,-34.0,45.57598842993687,41.01838958694319,1.0,Conflict,bet,lose,390.75,
44.0,0.0,5.0,2742.0,-39.0,47.243150141466884,47.243150141466884,1.0,Not-conflict,bet,win,2937.375,
44.0,0.0,6.0,4211.0,-52.0,58.22045733138776,64.04250306452654,1.0,Conflict,bet,lose,1416.6875,
44.0,0.0,7.0,4919.0,-65.0,62.797739739633094,81.63706166152302,1.0,Conflict,bet,win,5627.34375,
44.0,0.0,8.0,7733.0,-92.0,78.2754334061279,117.41315010919186,1.0,Conflict,bet,win,5627.34375,7733
45.0,0.0,0.0,500.0,-2.0,20.625210617611923,2.0625210617611924,1.0,Conflict,bet,win,1000.0,
45.0,0.0,1.0,1000.0,-8.0,28.906798823654754,8.672039647096426,1.0,Conflict,bet,win,1500.0,
45.0,0.0,2.0,1750.0,-16.0,37.96291300452135,18.981456502260674,1.0,Conflict,bet,win,2500.0,
45.0,0.0,3.0,3000.0,-29.0,49.35805653014531,34.55063957110172,1.0,Conflict,bet,win,4250.0,
45.0,0.0,4.0,5125.0,-47.0,64.06501240232399,57.65851116209159,1.0,Conflict,bet,lose,2078.0,
45.0,0.0,5.0,6164.0,-56.0,70.0911363190884,70.0911363190884,1.0,Not-conflict,bet,lose,983.0,
45.0,0.0,6.0,6656.0,-64.0,72.76204282592849,80.03824710852135,1.0,Conflict,bet,win,7147.5,
45.0,0.0,7.0,10230.0,-91.0,89.70350933373477,116.6145621338552,1.0,Conflict,bet,win,13803.75,
45.0,0.0,8.0,17132.0,-132.0,115.30935105802264,172.96402658703397,1.0,Conflict,bet,lose,13803.75,-132
46.0,0.0,0.0,500.0,-2.0,20.625210617611923,2.0625210617611924,1.0,Conflict,bet,lose,498.0,
46.0,0.0,1.0,749.0,-7.0,25.111499408148916,7.533449822444674,1.0,Conflict,bet,lose,242.0,
46.0,0.0,2.0,870.0,-12.0,27.011324231969166,13.505662115984583,1.0,Conflict,bet,lose,109.0,
46.0,0.0,3.0,924.0,-17.0,27.815204033849135,19.470642823694394,1.0,Conflict,bet,lose,37.5,
46.0,0.0,4.0,943.0,-21.0,28.092293319815283,25.283063987833756,1.0,Conflict,bet,win,961.75,
46.0,0.0,5.0,1424.0,-29.0,34.33676409925405,34.33676409925405,1.0,Not-conflict,bet,win,1904.875,
46.0,0.0,6.0,2376.0,-40.0,44.059261605563734,48.46518776612011,1.0,Conflict,bet,lose,912.4375,
46.0,0.0,7.0,2832.0,-50.0,47.992062252548166,62.389680928312615,1.0,Conflict,bet,win,3288.21875,
46.0,0.0,8.0,4476.0,-71.0,59.976824472500134,89.9652367087502,1.0,Conflict,bet,win,3288.21875,4476
47.0,0.0,0.0,500.0,-2.0,20.625210617611923,2.0625210617611924,1.0,Conflict,bet,lose,498.0,
47.0,0.0,1.0,749.0,-7.0,25.111499408148916,7.533449822444674,1.0,Conflict,bet,win,998.0,
47.0,0.0,2.0,1248.0,-14.0,32.20004681169342,16.10002340584671,1.0,Conflict,bet,lose,485.0,
47.0,0.0,3.0,1490.0,-21.0,35.10279620586386,24.5719573441047,1.0,Conflict,bet,lose,221.5,
47.0,0.0,4.0,1601.0,-27.0,36.35285955795385,32.71757360215847,1.0,Conflict,bet,win,1711.75,
47.0,0.0,5.0,2457.0,-37.0,44.784456828002945,44.784456828002945,1.0,Not-conflict,bet,lose,818.875,
47.0,0.0,6.0,2866.0,-43.0,48.27180101686907,53.09898111855598,1.0,Conflict,bet,lose,366.4375,
47.0,0.0,7.0,3049.0,-52.0,49.74903553488804,64.67374619535445,1.0,Conflict,bet,win,3232.21875,
47.0,0.0,8.0,4665.0,-73.0,61.197087356278494,91.79563103441774,1.0,Conflict,bet,win,3232.21875,4665
48.0,0.0,0.0,500.0,-2.0,20.625210617611923,2.0625210617611924,1.0,Conflict,bet,lose,498.0,
48.0,0.0,1.0,749.0,-7.0,25.111499408148916,7.533449822444674,1.0,Conflict,bet,win,998.0,
48.0,0.0,2.0,1248.0,-14.0,32.20004681169342,16.10002340584671,1.0,Conflict,bet,lose,485.0,
48.0,0.0,3.0,1490.0,-21.0,35.10279620586386,24.5719573441047,1.0,Conflict,bet,lose,221.5,
48.0,0.0,4.0,1601.0,-27.0,36.35285955795385,32.71757360215847,1.0,Conflict,bet,lose,83.75,
48.0,0.0,5.0,1643.0,-31.0,36.81421068247227,36.81421068247227,1.0,Not-conflict,bet,lose,10.875,
48.0,0.0,6.0,1648.0,-33.0,36.86872847711241,40.555601324823655,1.0,Conflict,bet,lose,-27.5625,-33
49.0,0.0,0.0,500.0,-2.0,20.625210617611923,2.0625210617611924,1.0,Conflict,bet,lose,498.0,
49.0,0.0,1.0,749.0,-7.0,25.111499408148916,7.533449822444674,1.0,Conflict,bet,win,998.0,
49.0,0.0,2.0,1248.0,-14.0,32.20004681169342,16.10002340584671,1.0,Conflict,bet,win,1747.0,
49.0,0.0,3.0,2122.0,-24.0,41.69893852470408,29.189256967292856,1.0,Conflict,bet,lose,849.5,
49.0,0.0,4.0,2547.0,-34.0,45.57598842993687,41.01838958694319,1.0,Conflict,bet,win,2971.75,
49.0,0.0,5.0,4033.0,-46.0,57.00867459332867,57.00867459332867,1.0,Not-conflict,bet,win,5518.875,
49.0,0.0,6.0,6792.0,-64.0,73.4823215773717,80.83055373510888,1.0,Conflict,bet,lose,2695.4375,
49.0,0.0,7.0,8140.0,-82.0,80.25536702028909,104.33197712637582,1.0,Conflict,bet,win,9487.71875,
49.0,0.0,8.0,12884.0,-116.0,100.36786793941477,150.55180190912216,1.0,Conflict,bet,lose,9487.71875,-116
50.0,0.0,0.0,500.0,-2.0,20.625210617611923,2.0625210617611924,1.0,Conflict,bet,lose,498.0,
50.0,0.0,1.0,749.0,-7.0,25.111499408148916,7.533449822444674,1.0,Conflict,bet,lose,242.0,
50.0,0.0,2.0,870.0,-12.0,27.011324231969166,13.505662115984583,1.0,Conflict,bet,win,991.0,
50.0,0.0,3.0,1366.0,-20.0,33.64840561506444,23.55388393054511,1.0,Conflict,bet,win,1861.5,
50.0,0.0,4.0,2297.0,-32.0,43.339650490373,39.00568544133571,1.0,Conflict,bet,lose,898.75,
50.0,0.0,5.0,2746.0,-39.0,47.27670055947663,47.27670055947663,1.0,Not-conflict,bet,win,3195.375,
50.0,0.0,6.0,4344.0,-52.0,59.1088269600724,65.01970965607964,1.0,Conflict,bet,lose,1545.6875,
50.0,0.0,7.0,5117.0,-66.0,64.01629097727209,83.22117827045372,1.0,Conflict,bet,win,5889.84375,
50.0,0.0,8.0,8062.0,-93.0,79.87992355672489,119.81988533508733,1.0,Conflict,bet,lose,5889.84375,-93
51.0,0.0,0.0,500.0,-2.0,20.625210617611923,2.0625210617611924,1.0,Conflict,bet,lose,498.0,
51.0,0.0,1.0,749.0,-7.0,25.111499408148916,7.533449822444674,1.0,Conflict,bet,lose,242.0,
51.0,0.0,2.0,870.0,-12.0,27.011324231969166,13.505662115984583,1.0,Conflict,bet,lose,109.0,
51.0,0.0,3.0,924.0,-17.0,27.815204033849135,19.470642823694394,1.0,Conflict,bet,win,978.5,
51.0,0.0,4.0,1413.0,-26.0,34.20733437095405,30.786600933858647,1.0,Conflict,bet,lose,463.25,
51.0,0.0,5.0,1645.0,-31.0,36.83602799975495,36.83602799975495,1.0,Not-conflict,bet,win,1876.625,
51.0,0.0,6.0,2583.0,-41.0,45.888576506520096,50.47743415717211,1.0,Conflict,bet,win,3521.3125,
51.0,0.0,7.0,4344.0,-61.0,59.1088269600724,76.84147504809413,1.0,Conflict,bet,win,6104.65625,
51.0,0.0,8.0,7396.0,-90.0,76.59518889010977,114.89278333516465,1.0,Conflict,bet,lose,6104.65625,-90
52.0,0.0,0.0,500.0,-2.0,20.625210617611923,2.0625210617611924,1.0,Conflict,bet,lose,498.0,
52.0,0.0,1.0,749.0,-7.0,25.111499408148916,7.533449822444674,1.0,Conflict,bet,lose,242.0,
52.0,0.0,2.0,870.0,-12.0,27.011324231969166,13.505662115984583,1.0,Conflict,bet,lose,109.0,
52.0,0.0,3.0,924.0,-17.0,27.815204033849135,19.470642823694394,1.0,Conflict,bet,win,978.5,
52.0,0.0,4.0,1413.0,-26.0,34.20733437095405,30.786600933858647,1.0,Conflict,bet,win,1902.25,
52.0,0.0,5.0,2364.0,-36.0,43.95075287922062,43.95075287922062,1.0,Not-conflict,bet,win,3315.125,
52.0,0.0,6.0,4022.0,-50.0,56.93289740020464,62.626187140225106,1.0,Conflict,bet,lose,1607.5625,
52.0,0.0,7.0,4826.0,-64.0,62.21670736879846,80.881719579438,1.0,Conflict,bet,win,5629.78125,
52.0,0.0,8.0,7641.0,-91.0,77.8205233677154,116.7307850515731,1.0,Conflict,bet,win,5629.78125,7641
53.0,0.0,0.0,500.0,-2.0,20.625210617611923,2.0625210617611924,1.0,Conflict,bet,win,1000.0,
53.0,0.0,1.0,1000.0,-8.0,28.906798823654754,8.672039647096426,1.0,Conflict,bet,win,1500.0,
53.0,0.0,2.0,1750.0,-16.0,37.96291300452135,18.981456502260674,1.0,Conflict,bet,lose,734.0,
53.0,0.0,3.0,2117.0,-24.0,41.65105994058917,29.155741958412417,1.0,Conflict,bet,lose,343.0,
53.0,0.0,4.0,2288.0,-32.0,43.25686904718896,38.931182142470064,1.0,Conflict,bet,win,2459.5,
53.0,0.0,5.0,3518.0,-43.0,53.33914767980298,53.33914767980298,1.0,Not-conflict,bet,win,4747.75,
53.0,0.0,6.0,5892.0,-60.0,68.56744289316734,75.42418718248408,1.0,Conflict,bet,win,8265.875,
53.0,0.0,7.0,10025.0,-90.0,88.82354327324238,115.4706062552151,1.0,Conflict,bet,lose,4042.9375,
53.0,0.0,8.0,12046.0,-112.0,97.13382080518257,145.70073120777386,1.0,Conflict,bet,lose,4042.9375,-112
54.0,0.0,0.0,500.0,-2.0,20.625210617611923,2.0625210617611924,1.0,Conflict,bet,win,1000.0,
54.0,0.0,1.0,1000.0,-8.0,28.906798823654754,8.672039647096426,1.0,Conflict,bet,lose,492.0,
54.0,0.0,2.0,1246.0,-14.0,32.17490598800461,16.087452994002305,1.0,Conflict,bet,lose,232.0,
54.0,0.0,3.0,1362.0,-20.0,33.60038482496417,23.52026937747492,1.0,Conflict,bet,lose,96.0,
54.0,0.0,4.0,1410.0,-26.0,34.17194572167899,30.75475114951109,1.0,Conflict,bet,lose,22.0,
54.0,0.0,5.0,1421.0,-29.0,34.301516100756544,34.301516100756544,1.0,Not-conflict,bet,lose,-18.0,-29
55.0,0.0,0.0,500.0,-2.0,20.625210617611923,2.0625210617611924,1.0,Conflict,bet,lose,498.0,
55.0,0.0,1.0,749.0,-7.0,25.111499408148916,7.533449822444674,1.0,Conflict,bet,win,998.0,
55.0,0.0,2.0,1248.0,-14.0,32.20004681169342,16.10002340584671,1.0,Conflict,bet,win,1747.0,
55.0,0.0,3.0,2122.0,-24.0,41.69893852470408,29.189256967292856,1.0,Conflict,bet,lose,849.5,
55.0,0.0,4.0,2547.0,-34.0,45.57598842993687,41.01838958694319,1.0,Conflict,bet,win,2971.75,
55.0,0.0,5.0,4033.0,-46.0,57.00867459332867,57.00867459332867,1.0,Not-conflict,bet,lose,1439.875,
55.0,0.0,6.0,4753.0,-55.0,61.7565925474227,67.93225180216497,1.0,Conflict,bet,lose,664.9375,
55.0,0.0,7.0,5085.0,-66.0,63.82101343013904,82.96731745918075,1.0,Conflict,bet,win,5417.46875,
55.0,0.0,8.0,7794.0,-92.0,78.57552935755184,117.86329403632777,1.0,Conflict,bet,lose,5417.46875,-92
56.0,0.0,0.0,500.0,-2.0,20.625210617611923,2.0625210617611924,1.0,Conflict,bet,lose,498.0,
56.0,0.0,1.0,749.0,-7.0,25.111499408148916,7.533449822444674,1.0,Conflict,bet,lose,242.0,
56.0,0.0,2.0,870.0,-12.0,27.011324231969166,13.505662115984583,1.0,Conflict,bet,win,991.0,
56.0,0.0,3.0,1366.0,-20.0,33.64840561506444,23.55388393054511,1.0,Conflict,bet,win,1861.5,
56.0,0.0,4.0,2297.0,-32.0,43.339650490373,39.00568544133571,1.0,Conflict,bet,lose,898.75,
56.0,0.0,5.0,2746.0,-39.0,47.27670055947663,47.27670055947663,1.0,Not-conflict,bet,win,3195.375,
56.0,0.0,6.0,4344.0,-52.0,59.1088269600724,65.01970965607964,1.0,Conflict,bet,lose,1545.6875,
56.0,0.0,7.0,5117.0,-66.0,64.01629097727209,83.22117827045372,1.0,Conflict,bet,lose,706.84375,
56.0,0.0,8.0,5470.0,-78.0,66.13019874614643,99.19529811921964,1.0,Conflict,bet,win,706.84375,5470
57.0,0.0,0.0,500.0,-2.0,20.625210617611923,2.0625210617611924,1.0,Conflict,bet,lose,498.0,
57.0,0.0,1.0,749.0,-7.0,25.111499408148916,7.533449822444674,1.0,Conflict,bet,win,998.0,
57.0,0.0,2.0,1248.0,-14.0,32.20004681169342,16.10002340584671,1.0,Conflict,bet,win,1747.0,
57.0,0.0,3.0,2122.0,-24.0,41.69893852470408,29.189256967292856,1.0,Conflict,bet,win,2995.5,
57.0,0.0,4.0,3620.0,-40.0,54.08677338779399,48.67809604901459,1.0,Conflict,bet,win,5117.75,
57.0,0.0,5.0,6179.0,-56.0,70.17415003549495,70.17415003549495,1.0,Not-conflict,bet,lose,2502.875,
57.0,0.0,6.0,7430.0,-67.0,76.76646675939679,84.44311343533647,1.0,Conflict,bet,win,8681.4375,
57.0,0.0,7.0,11771.0,-97.0,96.04750906509878,124.86176178462841,1.0,Conflict,bet,lose,4243.71875,
57.0,0.0,8.0,13893.0,-120.0,104.12180049100223,156.18270073650336,1.0,Conflict,bet,lose,4243.71875,-120
58.0,0.0,0.0,500.0,-2.0,20.625210617611923,2.0625210617611924,1.0,Conflict,bet,win,1000.0,
58.0,0.0,1.0,1000.0,-8.0,28.906798823654754,8.672039647096426,1.0,Conflict,bet,lose,492.0,
58.0,0.0,2.0,1246.0,-14.0,32.17490598800461,16.087452994002305,1.0,Conflict,bet,win,1492.0,
58.0,0.0,3.0,1992.0,-24.0,40.43467024698933,28.30426917289253,1.0,Conflict,bet,lose,722.0,
58.0,0.0,4.0,2353.0,-33.0,43.85103805106225,39.46593424595602,1.0,Conflict,bet,win,2714.0,
58.0,0.0,5.0,3710.0,-44.0,54.73751711370418,54.73751711370418,1.0,Not-conflict,bet,lose,1313.0,
58.0,0.0,6.0,4366.0,-52.0,59.2544235068862,65.17986585757482,1.0,Conflict,bet,lose,604.5,
58.0,0.0,7.0,4668.0,-63.0,61.21625010038253,79.5811251304973,1.0,Conflict,bet,win,4970.25,
58.0,0.0,8.0,7153.0,-88.0,75.35911084169963,113.03866626254944,1.0,Conflict,bet,win,4970.25,7153
59.0,0.0,0.0,500.0,-2.0,20.625210617611923,2.0625210617611924,1.0,Conflict,bet,win,1000.0,
59.0,0.0,1.0,1000.0,-8.0,28.906798823654754,8.672039647096426,1.0,Conflict,bet,win,1500.0,
59.0,0.0,2.0,1750.0,-16.0,37.96291300452135,18.981456502260674,1.0,Conflict,bet,win,2500.0,
59.0,0.0,3.0,3000.0,-29.0,49.35805653014531,34.55063957110172,1.0,Conflict,bet,lose,1221.0,
59.0,0.0,4.0,3610.0,-40.0,54.013958613114596,48.61256275180314,1.0,Conflict,bet,win,4220.5,
59.0,0.0,5.0,5720.0,-54.0,67.58524088379565,67.58524088379565,1.0,Not-conflict,bet,lose,2056.25,
59.0,0.0,6.0,6748.0,-64.0,73.25010659114062,80.57511725025469,1.0,Conflict,bet,lose,964.125,
59.0,0.0,7.0,7230.0,-78.0,75.75308968507215,98.4790165905938,1.0,Conflict,bet,win,7712.0625,
59.0,0.0,8.0,11086.0,-108.0,93.28361411946977,139.92542117920465,1.0,Conflict,bet,win,7712.0625,11086
60.0,0.0,0.0,500.0,-2.0,20.625210617611923,2.0625210617611924,1.0,Conflict,bet,lose,498.0,
60.0,0.0,1.0,749.0,-7.0,25.111499408148916,7.533449822444674,1.0,Conflict,bet,win,998.0,
60.0,0.0,2.0,1248.0,-14.0,32.20004681169342,16.10002340584671,1.0,Conflict,bet,lose,485.0,
60.0,0.0,3.0,1490.0,-21.0,35.10279620586386,24.5719573441047,1.0,Conflict,bet,lose,221.5,
60.0,0.0,4.0,1601.0,-27.0,36.35285955795385,32.71757360215847,1.0,Conflict,bet,lose,83.75,
60.0,0.0,5.0,1643.0,-31.0,36.81421068247227,36.81421068247227,1.0,Not-conflict,bet,lose,10.875,
60.0,0.0,6.0,1648.0,-33.0,36.86872847711241,40.555601324823655,1.0,Conflict,bet,lose,-27.5625,-33
61.0,0.0,0.0,500.0,-2.0,20.625210617611923,2.0625210617611924,1.0,Conflict,bet,win,1000.0,
61.0,0.0,1.0,1000.0,-8.0,28.906798823654754,8.672039647096426,1.0,Conflict,bet,lose,492.0,
61.0,0.0,2.0,1246.0,-14.0,32.17490598800461,16.087452994002305,1.0,Conflict,bet,lose,232.0,
61.0,0.0,3.0,1362.0,-20.0,33.60038482496417,23.52026937747492,1.0,Conflict,bet,lose,96.0,
61.0,0.0,4.0,1410.0,-26.0,34.17194572167899,30.75475114951109,1.0,Conflict,bet,win,1458.0,
61.0,0.0,5.0,2139.0,-34.0,41.861294302128286,41.861294302128286,1.0,Not-conflict,bet,lose,695.0,
61.0,0.0,6.0,2486.0,-40.0,45.041106135943096,49.54521674953741,1.0,Conflict,bet,lose,307.5,
61.0,0.0,7.0,2640.0,-49.0,46.378971381526526,60.292662795984484,1.0,Conflict,bet,win,2793.75,
61.0,0.0,8.0,4037.0,-68.0,57.03620364372326,85.55430546558489,1.0,Conflict,bet,lose,2793.75,-68
62.0,0.0,0.0,500.0,-2.0,20.625210617611923,2.0625210617611924,1.0,Conflict,bet,lose,498.0,
62.0,0.0,1.0,749.0,-7.0,25.111499408148916,7.533449822444674,1.0,Conflict,bet,lose,242.0,
62.0,0.0,2.0,870.0,-12.0,27.011324231969166,13.505662115984583,1.0,Conflict,bet,lose,109.0,
62.0,0.0,3.0,924.0,-17.0,27.815204033849135,19.470642823694394,1.0,Conflict,bet,win,978.5,
62.0,0.0,4.0,1413.0,-26.0,34.20733437095405,30.786600933858647,1.0,Conflict,bet,lose,463.25,
62.0,0.0,5.0,1645.0,-31.0,36.83602799975495,36.83602799975495,1.0,Not-conflict,bet,win,1876.625,
62.0,0.0,6.0,2583.0,-41.0,45.888576506520096,50.47743415717211,1.0,Conflict,bet,lose,897.3125,
62.0,0.0,7.0,3032.0,-52.0,49.61375742311768,64.497884650053,1.0,Conflict,bet,lose,396.65625,
62.0,0.0,8.0,3230.0,-61.0,51.16601907157925,76.74902860736887,1.0,Conflict,bet,lose,396.65625,-61
63.0,0.0,0.0,500.0,-2.0,20.625210617611923,2.0625210617611924,1.0,Conflict,bet,lose,498.0,
63.0,0.0,1.0,749.0,-7.0,25.111499408148916,7.533449822444674,1.0,Conflict,bet,win,998.0,
63.0,0.0,2.0,1248.0,-14.0,32.20004681169342,16.10002340584671,1.0,Conflict,bet,lose,485.0,
63.0,0.0,3.0,1490.0,-21.0,35.10279620586386,24.5719573441047,1.0,Conflict,bet,lose,221.5,
63.0,0.0,4.0,1601.0,-27.0,36.35285955795385,32.71757360215847,1.0,Conflict,bet,lose,83.75,
63.0,0.0,5.0,1643.0,-31.0,36.81421068247227,36.81421068247227,1.0,Not-conflict,bet,win,1684.875,
63.0,0.0,6.0,2485.0,-40.0,45.03228180675792,49.53550998743372,1.0,Conflict,bet,win,3327.4375,
63.0,0.0,7.0,4149.0,-60.0,57.801412673757284,75.14183647588447,1.0,Conflict,bet,win,5812.71875,
63.0,0.0,8.0,7055.0,-88.0,74.85452310075785,112.28178465113677,1.0,Conflict,bet,win,5812.71875,7055
64.0,0.0,0.0,500.0,-2.0,20.625210617611923,2.0625210617611924,1.0,Conflict,bet,lose,498.0,
64.0,0.0,1.0,749.0,-7.0,25.111499408148916,7.533449822444674,1.0,Conflict,bet,lose,242.0,
64.0,0.0,2.0,870.0,-12.0,27.011324231969166,13.505662115984583,1.0,Conflict,bet,lose,109.0,
64.0,0.0,3.0,924.0,-17.0,27.815204033849135,19.470642823694394,1.0,Conflict,bet,win,978.5,
64.0,0.0,4.0,1413.0,-26.0,34.20733437095405,30.786600933858647,1.0,Conflict,bet,win,1902.25,
64.0,0.0,5.0,2364.0,-36.0,43.95075287922062,43.95075287922062,1.0,Not-conflict,bet,win,3315.125,
64.0,0.0,6.0,4022.0,-50.0,56.93289740020464,62.626187140225106,1.0,Conflict,bet,win,5679.5625,
64.0,0.0,7.0,6862.0,-76.0,73.8501696947462,96.00522060317006,1.0,Conflict,bet,lose,2763.78125,
64.0,0.0,8.0,8244.0,-94.0,80.7530989744579,121.12964846168686,1.0,Conflict,bet,lose,2763.78125,-94
65.0,0.0,0.0,500.0,-2.0,20.625210617611923,2.0625210617611924,1.0,Conflict,bet,win,1000.0,
65.0,0.0,1.0,1000.0,-8.0,28.906798823654754,8.672039647096426,1.0,Conflict,bet,win,1500.0,
65.0,0.0,2.0,1750.0,-16.0,37.96291300452135,18.981456502260674,1.0,Conflict,bet,lose,734.0,
65.0,0.0,3.0,2117.0,-24.0,41.65105994058917,29.155741958412417,1.0,Conflict,bet,lose,343.0,
65.0,0.0,4.0,2288.0,-32.0,43.25686904718896,38.931182142470064,1.0,Conflict,bet,lose,139.5,
65.0,0.0,5.0,2358.0,-36.0,43.89639255217014,43.89639255217014,1.0,Not-conflict,bet,lose,33.75,
65.0,0.0,6.0,2375.0,-40.0,44.050229965303075,48.45525296183339,1.0,Conflict,bet,lose,-23.125,-40
66.0,0.0,0.0,500.0,-2.0,20.625210617611923,2.0625210617611924,1.0,Conflict,bet,win,1000.0,
66.0,0.0,1.0,1000.0,-8.0,28.906798823654754,8.672039647096426,1.0,Conflict,bet,win,1500.0,
66.0,0.0,2.0,1750.0,-16.0,37.96291300452135,18.981456502260674,1.0,Conflict,bet,win,2500.0,
66.0,0.0,3.0,3000.0,-29.0,49.35805653014531,34.55063957110172,1.0,Conflict,bet,lose,1221.0,
66.0,0.0,4.0,3610.0,-40.0,54.013958613114596,48.61256275180314,1.0,Conflict,bet,win,4220.5,
66.0,0.0,5.0,5720.0,-54.0,67.58524088379565,67.58524088379565,1.0,Not-conflict,bet,lose,2056.25,
66.0,0.0,6.0,6748.0,-64.0,73.25010659114062,80.57511725025469,1.0,Conflict,bet,lose,964.125,
66.0,0.0,7.0,7230.0,-78.0,75.75308968507215,98.4790165905938,1.0,Conflict,bet,lose,404.0625,
66.0,0.0,8.0,7432.0,-90.0,76.77652939423345,115.16479409135017,1.0,Conflict,bet,win,404.0625,7432
67.0,0.0,0.0,500.0,-2.0,20.625210617611923,2.0625210617611924,1.0,Conflict,bet,lose,498.0,
67.0,0.0,1.0,749.0,-7.0,25.111499408148916,7.533449822444674,1.0,Conflict,bet,win,998.0,
67.0,0.0,2.0,1248.0,-14.0,32.20004681169342,16.10002340584671,1.0,Conflict,bet,lose,485.0,
67.0,0.0,3.0,1490.0,-21.0,35.10279620586386,24.5719573441047,1.0,Conflict,bet,win,1732.5,
67.0,0.0,4.0,2356.0,-33.0,43.87825667769773,39.49043100992795,1.0,Conflict,bet,lose,833.25,
67.0,0.0,5.0,2773.0,-39.0,47.50251310975762,47.50251310975762,1.0,Not-conflict,bet,lose,377.625,
67.0,0.0,6.0,2962.0,-44.0,49.05258752783806,53.957846280621865,1.0,Conflict,bet,lose,144.8125,
67.0,0.0,7.0,3034.0,-52.0,49.629692656063455,64.5186004528825,1.0,Conflict,bet,lose,20.40625,
67.0,0.0,8.0,3044.0,-60.0,49.709288110048945,74.56393216507342,1.0,Conflict,bet,lose,20.40625,-60
68.0,0.0,0.0,500.0,-2.0,20.625210617611923,2.0625210617611924,1.0,Conflict,bet,win,1000.0,
68.0,0.0,1.0,1000.0,-8.0,28.906798823654754,8.672039647096426,1.0,Conflict,bet,lose,492.0,
68.0,0.0,2.0,1246.0,-14.0,32.17490598800461,16.087452994002305,1.0,Conflict,bet,win,1492.0,
68.0,0.0,3.0,1992.0,-24.0,40.43467024698933,28.30426917289253,1.0,Conflict,bet,lose,722.0,
68.0,0.0,4.0,2353.0,-33.0,43.85103805106225,39.46593424595602,1.0,Conflict,bet,lose,328.0,
68.0,0.0,5.0,2517.0,-37.0,45.31376269644331,45.31376269644331,1.0,Not-conflict,bet,lose,127.0,
68.0,0.0,6.0,2580.0,-41.0,45.86261321004825,50.44887453105308,1.0,Conflict,bet,win,2643.5,
68.0,0.0,7.0,3902.0,-58.0,56.09922971231694,72.92899862601203,1.0,Conflict,bet,lose,1263.75,
68.0,0.0,8.0,4534.0,-72.0,60.35406109937891,90.53109164906837,1.0,Conflict,bet,win,1263.75,4534
69.0,0.0,0.0,500.0,-2.0,20.625210617611923,2.0625210617611924,1.0,Conflict,bet,win,1000.0,
69.0,0.0,1.0,1000.0,-8.0,28.906798823654754,8.672039647096426,1.0,Conflict,bet,lose,492.0,
69.0,0.0,2.0,1246.0,-14.0,32.17490598800461,16.087452994002305,1.0,Conflict,bet,win,1492.0,
69.0,0.0,3.0,1992.0,-24.0,40.43467024698933,28.30426917289253,1.0,Conflict,bet,win,2738.0,
69.0,0.0,4.0,3361.0,-38.0,52.166315731726876,46.94968415855419,1.0,Conflict,bet,lose,1331.0,
69.0,0.0,5.0,4026.0,-46.0,56.96046502992009,56.96046502992009,1.0,Not-conflict,bet,lose,619.5,
69.0,0.0,6.0,4336.0,-52.0,59.05578900578192,64.96136790636011,1.0,Conflict,bet,lose,257.75,
69.0,0.0,7.0,4465.0,-62.0,59.90499725337974,77.87649642939367,1.0,Conflict,bet,lose,66.875,
69.0,0.0,8.0,4498.0,-71.0,60.120207754163594,90.18031163124539,1.0,Conflict,bet,lose,66.875,-71
70.0,0.0,0.0,500.0,-2.0,20.625210617611923,2.0625210617611924,1.0,Conflict,bet,win,1000.0,
70.0,0.0,1.0,1000.0,-8.0,28.906798823654754,8.672039647096426,1.0,Conflict,bet,lose,492.0,
70.0,0.0,2.0,1246.0,-14.0,32.17490598800461,16.087452994002305,1.0,Conflict,bet,win,1492.0,
70.0,0.0,3.0,1992.0,-24.0,40.43467024698933,28.30426917289253,1.0,Conflict,bet,lose,722.0,
70.0,0.0,4.0,2353.0,-33.0,43.85103805106225,39.46593424595602,1.0,Conflict,bet,win,2714.0,
70.0,0.0,5.0,3710.0,-44.0,54.73751711370418,54.73751711370418,1.0,Not-conflict,bet,lose,1313.0,
70.0,0.0,6.0,4366.0,-52.0,59.2544235068862,65.17986585757482,1.0,Conflict,bet,win,5022.5,
70.0,0.0,7.0,6877.0,-76.0,73.92874348381153,96.107366528955,1.0,Conflict,bet,lose,2435.25,
70.0,0.0,8.0,8095.0,-94.0,80.03899142878831,120.05848714318246,1.0,Conflict,bet,lose,2435.25,-94
71.0,0.0,0.0,500.0,-2.0,20.625210617611923,2.0625210617611924,1.0,Conflict,bet,win,1000.0,
71.0,0.0,1.0,1000.0,-8.0,28.906798823654754,8.672039647096426,1.0,Conflict,bet,lose,492.0,
71.0,0.0,2.0,1246.0,-14.0,32.17490598800461,16.087452994002305,1.0,Conflict,bet,win,1492.0,
71.0,0.0,3.0,1992.0,-24.0,40.43467024698933,28.30426917289253,1.0,Conflict,bet,win,2738.0,
71.0,0.0,4.0,3361.0,-38.0,52.166315731726876,46.94968415855419,1.0,Conflict,bet,lose,1331.0,
71.0,0.0,5.0,4026.0,-46.0,56.96046502992009,56.96046502992009,1.0,Not-conflict,bet,win,4691.5,
71.0,0.0,6.0,6372.0,-62.0,71.23317442153107,78.35649186368418,1.0,Conflict,bet,lose,2283.75,
71.0,0.0,7.0,7514.0,-79.0,77.18790788336368,100.34428024837278,1.0,Conflict,bet,lose,1062.875,
71.0,0.0,8.0,8045.0,-93.0,79.79784913848452,119.69677370772678,1.0,Conflict,bet,lose,1062.875,-93
72.0,0.0,0.0,500.0,-2.0,20.625210617611923,2.0625210617611924,1.0,Conflict,bet,lose,498.0,
72.0,0.0,1.0,749.0,-7.0,25.111499408148916,7.533449822444674,1.0,Conflict,bet,win,998.0,
72.0,0.0,2.0,1248.0,-14.0,32.20004681169342,16.10002340584671,1.0,Conflict,bet,win,1747.0,
72.0,0.0,3.0,2122.0,-24.0,41.69893852470408,29.189256967292856,1.0,Conflict,bet,lose,849.5,
72.0,0.0,4.0,2547.0,-34.0,45.57598842993687,41.01838958694319,1.0,Conflict,bet,lose,390.75,
72.0,0.0,5.0,2742.0,-39.0,47.243150141466884,47.243150141466884,1.0,Not-conflict,bet,win,2937.375,
72.0,0.0,6.0,4211.0,-52.0,58.22045733138776,64.04250306452654,1.0,Conflict,bet,win,5679.6875,
72.0,0.0,7.0,7051.0,-77.0,74.83385154540744,97.28400700902968,1.0,Conflict,bet,win,9890.84375,
72.0,0.0,8.0,11996.0,-112.0,96.93726327691678,145.40589491537517,1.0,Conflict,bet,win,9890.84375,11996
73.0,0.0,0.0,500.0,-2.0,20.625210617611923,2.0625210617611924,1.0,Conflict,bet,win,1000.0,
73.0,0.0,1.0,1000.0,-8.0,28.906798823654754,8.672039647096426,1.0,Conflict,bet,lose,492.0,
73.0,0.0,2.0,1246.0,-14.0,32.17490598800461,16.087452994002305,1.0,Conflict,bet,win,1492.0,
73.0,0.0,3.0,1992.0,-24.0,40.43467024698933,28.30426917289253,1.0,Conflict,bet,lose,722.0,
73.0,0.0,4.0,2353.0,-33.0,43.85103805106225,39.46593424595602,1.0,Conflict,bet,win,2714.0,
73.0,0.0,5.0,3710.0,-44.0,54.73751711370418,54.73751711370418,1.0,Not-conflict,bet,lose,1313.0,
73.0,0.0,6.0,4366.0,-52.0,59.2544235068862,65.17986585757482,1.0,Conflict,bet,win,5022.5,
73.0,0.0,7.0,6877.0,-76.0,73.92874348381153,96.107366528955,1.0,Conflict,bet,lose,2435.25,
73.0,0.0,8.0,8095.0,-94.0,80.03899142878831,120.05848714318246,1.0,Conflict,bet,lose,2435.25,-94
74.0,0.0,0.0,500.0,-2.0,20.625210617611923,2.0625210617611924,1.0,Conflict,bet,lose,498.0,
74.0,0.0,1.0,749.0,-7.0,25.111499408148916,7.533449822444674,1.0,Conflict,bet,win,998.0,
74.0,0.0,2.0,1248.0,-14.0,32.20004681169342,16.10002340584671,1.0,Conflict,bet,win,1747.0,
74.0,0.0,3.0,2122.0,-24.0,41.69893852470408,29.189256967292856,1.0,Conflict,bet,win,2995.5,
74.0,0.0,4.0,3620.0,-40.0,54.08677338779399,48.67809604901459,1.0,Conflict,bet,win,5117.75,
74.0,0.0,5.0,6179.0,-56.0,70.17415003549495,70.17415003549495,1.0,Not-conflict,bet,lose,2502.875,
74.0,0.0,6.0,7430.0,-67.0,76.76646675939679,84.44311343533647,1.0,Conflict,bet,lose,1184.4375,
74.0,0.0,7.0,8022.0,-81.0,79.68666553360067,103.59266519368089,1.0,Conflict,bet,win,8614.21875,
74.0,0.0,8.0,12329.0,-114.0,98.23853202706896,147.35779804060343,1.0,Conflict,bet,win,8614.21875,12329
75.0,0.0,0.0,500.0,-2.0,20.625210617611923,2.0625210617611924,1.0,Conflict,bet,win,1000.0,
75.0,0.0,1.0,1000.0,-8.0,28.906798823654754,8.672039647096426,1.0,Conflict,bet,lose,492.0,
75.0,0.0,2.0,1246.0,-14.0,32.17490598800461,16.087452994002305,1.0,Conflict,bet,win,1492.0,
75.0,0.0,3.0,1992.0,-24.0,40.43467024698933,28.30426917289253,1.0,Conflict,bet,win,2738.0,
75.0,0.0,4.0,3361.0,-38.0,52.166315731726876,46.94968415855419,1.0,Conflict,bet,lose,1331.0,
75.0,0.0,5.0,4026.0,-46.0,56.96046502992009,56.96046502992009,1.0,Not-conflict,bet,win,4691.5,
75.0,0.0,6.0,6372.0,-62.0,71.23317442153107,78.35649186368418,1.0,Conflict,bet,win,8717.75,
75.0,0.0,7.0,10731.0,-93.0,91.81672013610844,119.36173617694098,1.0,Conflict,bet,lose,4265.875,
75.0,0.0,8.0,12864.0,-116.0,100.29196196446095,150.43794294669144,1.0,Conflict,bet,win,4265.875,12864
76.0,0.0,0.0,500.0,-2.0,20.625210617611923,2.0625210617611924,1.0,Conflict,bet,win,1000.0,
76.0,0.0,1.0,1000.0,-8.0,28.906798823654754,8.672039647096426,1.0,Conflict,bet,win,1500.0,
76.0,0.0,2.0,1750.0,-16.0,37.96291300452135,18.981456502260674,1.0,Conflict,bet,win,2500.0,
76.0,0.0,3.0,3000.0,-29.0,49.35805653014531,34.55063957110172,1.0,Conflict,bet,lose,1221.0,
76.0,0.0,4.0,3610.0,-40.0,54.013958613114596,48.61256275180314,1.0,Conflict,bet,lose,570.5,
76.0,0.0,5.0,3895.0,-45.0,56.050195792873154,56.050195792873154,1.0,Not-conflict,bet,win,4180.25,
76.0,0.0,6.0,5985.0,-61.0,69.09239438731969,76.00163382605166,1.0,Conflict,bet,lose,2029.125,
76.0,0.0,7.0,7000.0,-76.0,74.56976002655986,96.94068803452782,1.0,Conflict,bet,win,8014.5625,
76.0,0.0,8.0,11007.0,-108.0,92.95928757019196,139.43893135528793,1.0,Conflict,bet,lose,8014.5625,-108
77.0,0.0,0.0,500.0,-2.0,20.625210617611923,2.0625210617611924,1.0,Conflict,bet,lose,498.0,
77.0,0.0,1.0,749.0,-7.0,25.111499408148916,7.533449822444674,1.0,Conflict,bet,win,998.0,
77.0,0.0,2.0,1248.0,-14.0,32.20004681169342,16.10002340584671,1.0,Conflict,bet,win,1747.0,
77.0,0.0,3.0,2122.0,-24.0,41.69893852470408,29.189256967292856,1.0,Conflict,bet,win,2995.5,
77.0,0.0,4.0,3620.0,-40.0,54.08677338779399,48.67809604901459,1.0,Conflict,bet,lose,1457.75,
77.0,0.0,5.0,4349.0,-48.0,59.14195023934338,59.14195023934338,1.0,Not-conflict,bet,win,5077.875,
77.0,0.0,6.0,6888.0,-65.0,73.98630839929332,81.38493923922266,1.0,Conflict,bet,win,9426.9375,
77.0,0.0,7.0,11601.0,-96.0,95.36944885867743,123.98028351628066,1.0,Conflict,bet,lose,4617.46875,
77.0,0.0,8.0,13910.0,-120.0,104.18382841840888,156.2757426276133,1.0,Conflict,bet,win,4617.46875,13910
78.0,0.0,0.0,500.0,-2.0,20.625210617611923,2.0625210617611924,1.0,Conflict,bet,lose,498.0,
78.0,0.0,1.0,749.0,-7.0,25.111499408148916,7.533449822444674,1.0,Conflict,bet,lose,242.0,
78.0,0.0,2.0,870.0,-12.0,27.011324231969166,13.505662115984583,1.0,Conflict,bet,win,991.0,
78.0,0.0,3.0,1366.0,-20.0,33.64840561506444,23.55388393054511,1.0,Conflict,bet,win,1861.5,
78.0,0.0,4.0,2297.0,-32.0,43.339650490373,39.00568544133571,1.0,Conflict,bet,win,3227.75,
78.0,0.0,5.0,3911.0,-46.0,56.16220706332257,56.16220706332257,1.0,Not-conflict,bet,win,5524.875,
78.0,0.0,6.0,6673.0,-64.0,72.8524879605243,80.13773675657674,1.0,Conflict,bet,lose,2698.4375,
78.0,0.0,7.0,8022.0,-81.0,79.68666553360067,103.59266519368089,1.0,Conflict,bet,lose,1268.21875,
78.0,0.0,8.0,8656.0,-96.0,82.69390477972581,124.04085716958872,1.0,Conflict,bet,win,1268.21875,8656
79.0,0.0,0.0,500.0,-2.0,20.625210617611923,2.0625210617611924,1.0,Conflict,bet,lose,498.0,
79.0,0.0,1.0,749.0,-7.0,25.111499408148916,7.533449822444674,1.0,Conflict,bet,win,998.0,
79.0,0.0,2.0,1248.0,-14.0,32.20004681169342,16.10002340584671,1.0,Conflict,bet,win,1747.0,
79.0,0.0,3.0,2122.0,-24.0,41.69893852470408,29.189256967292856,1.0,Conflict,bet,win,2995.5,
79.0,0.0,4.0,3620.0,-40.0,54.08677338779399,48.67809604901459,1.0,Conflict,bet,lose,1457.75,
79.0,0.0,5.0,4349.0,-48.0,59.14195023934338,59.14195023934338,1.0,Not-conflict,bet,win,5077.875,
79.0,0.0,6.0,6888.0,-65.0,73.98630839929332,81.38493923922266,1.0,Conflict,bet,lose,2473.9375,
79.0,0.0,7.0,8125.0,-82.0,80.18331016260191,104.23830321138249,1.0,Conflict,bet,win,9361.96875,
79.0,0.0,8.0,12806.0,-116.0,100.07149163111906,150.1072374466786,1.0,Conflict,bet,lose,9361.96875,-116
80.0,0.0,0.0,500.0,-2.0,20.625210617611923,2.0625210617611924,1.0,Conflict,bet,win,1000.0,
80.0,0.0,1.0,1000.0,-8.0,28.906798823654754,8.672039647096426,1.0,Conflict,bet,lose,492.0,
80.0,0.0,2.0,1246.0,-14.0,32.17490598800461,16.087452994002305,1.0,Conflict,bet,win,1492.0,
80.0,0.0,3.0,1992.0,-24.0,40.43467024698933,28.30426917289253,1.0,Conflict,bet,lose,722.0,
80.0,0.0,4.0,2353.0,-33.0,43.85103805106225,39.46593424595602,1.0,Conflict,bet,win,2714.0,
80.0,0.0,5.0,3710.0,-44.0,54.73751711370418,54.73751711370418,1.0,Not-conflict,bet,win,5067.0,
80.0,0.0,6.0,6244.0,-62.0,70.53268709863437,77.58595580849781,1.0,Conflict,bet,lose,2471.5,
80.0,0.0,7.0,7480.0,-79.0,77.01761720557082,100.12290236724206,1.0,Conflict,bet,win,8715.75,
80.0,0.0,8.0,11838.0,-111.0,96.31336343259835,144.47004514889753,1.0,Conflict,bet,lose,8715.75,-111
81.0,0.0,0.0,500.0,-2.0,20.625210617611923,2.0625210617611924,1.0,Conflict,bet,win,1000.0,
81.0,0.0,1.0,1000.0,-8.0,28.906798823654754,8.672039647096426,1.0,Conflict,bet,win,1500.0,
81.0,0.0,2.0,1750.0,-16.0,37.96291300452135,18.981456502260674,1.0,Conflict,bet,lose,734.0,
81.0,0.0,3.0,2117.0,-24.0,41.65105994058917,29.155741958412417,1.0,Conflict,bet,win,2484.0,
81.0,0.0,4.0,3359.0,-38.0,52.15119590157519,46.93607631141767,1.0,Conflict,bet,lose,1204.0,
81.0,0.0,5.0,3961.0,-46.0,56.51073530160865,56.51073530160865,1.0,Not-conflict,bet,lose,556.0,
81.0,0.0,6.0,4239.0,-52.0,58.40866551593012,64.24953206752313,1.0,Conflict,bet,lose,226.0,
81.0,0.0,7.0,4352.0,-61.0,59.16181483030895,76.91035927940163,1.0,Conflict,bet,win,4465.0,
81.0,0.0,8.0,6584.0,-85.0,72.37766088934607,108.5664913340191,1.0,Conflict,bet,win,4465.0,6584
82.0,0.0,0.0,500.0,-2.0,20.625210617611923,2.0625210617611924,1.0,Conflict,bet,lose,498.0,
82.0,0.0,1.0,749.0,-7.0,25.111499408148916,7.533449822444674,1.0,Conflict,bet,win,998.0,
82.0,0.0,2.0,1248.0,-14.0,32.20004681169342,16.10002340584671,1.0,Conflict,bet,lose,485.0,
82.0,0.0,3.0,1490.0,-21.0,35.10279620586386,24.5719573441047,1.0,Conflict,bet,win,1732.5,
82.0,0.0,4.0,2356.0,-33.0,43.87825667769773,39.49043100992795,1.0,Conflict,bet,win,3222.25,
82.0,0.0,5.0,3967.0,-46.0,56.552406662473224,56.552406662473224,1.0,Not-conflict,bet,lose,1565.125,
82.0,0.0,6.0,4750.0,-55.0,61.73760643469145,67.9113670781606,1.0,Conflict,bet,win,5532.5625,
82.0,0.0,7.0,7516.0,-79.0,77.19791265980321,100.35728645774418,1.0,Conflict,bet,win,10282.28125,
82.0,0.0,8.0,12657.0,-115.0,99.502751424118,149.254127136177,1.0,Conflict,bet,win,10282.28125,12657
83.0,0.0,0.0,500.0,-2.0,20.625210617611923,2.0625210617611924,1.0,Conflict,bet,lose,498.0,
83.0,0.0,1.0,749.0,-7.0,25.111499408148916,7.533449822444674,1.0,Conflict,bet,lose,242.0,
83.0,0.0,2.0,870.0,-12.0,27.011324231969166,13.505662115984583,1.0,Conflict,bet,lose,109.0,
83.0,0.0,3.0,924.0,-17.0,27.815204033849135,19.470642823694394,1.0,Conflict,bet,lose,37.5,
83.0,0.0,4.0,943.0,-21.0,28.092293319815283,25.283063987833756,1.0,Conflict,bet,lose,-2.25,-21
84.0,0.0,0.0,500.0,-2.0,20.625210617611923,2.0625210617611924,1.0,Conflict,bet,lose,498.0,
84.0,0.0,1.0,749.0,-7.0,25.111499408148916,7.533449822444674,1.0,Conflict,bet,win,998.0,
84.0,0.0,2.0,1248.0,-14.0,32.20004681169342,16.10002340584671,1.0,Conflict,bet,win,1747.0,
84.0,0.0,3.0,2122.0,-24.0,41.69893852470408,29.189256967292856,1.0,Conflict,bet,win,2995.5,
84.0,0.0,4.0,3620.0,-40.0,54.08677338779399,48.67809604901459,1.0,Conflict,bet,win,5117.75,
84.0,0.0,5.0,6179.0,-56.0,70.17415003549495,70.17415003549495,1.0,Not-conflict,bet,win,8737.875,
84.0,0.0,6.0,10548.0,-79.0,91.05081740011101,100.15589914012213,1.0,Conflict,bet,lose,4289.9375,
84.0,0.0,7.0,12693.0,-101.0,99.6404784812034,129.53262202556442,1.0,Conflict,bet,win,14837.96875,
84.0,0.0,8.0,20112.0,-142.0,124.6759573682938,187.0139360524407,1.0,Conflict,bet,win,14837.96875,20112
85.0,0.0,0.0,500.0,-2.0,20.625210617611923,2.0625210617611924,1.0,Conflict,bet,lose,498.0,
85.0,0.0,1.0,749.0,-7.0,25.111499408148916,7.533449822444674,1.0,Conflict,bet,lose,242.0,
85.0,0.0,2.0,870.0,-12.0,27.011324231969166,13.505662115984583,1.0,Conflict,bet,lose,109.0,
85.0,0.0,3.0,924.0,-17.0,27.815204033849135,19.470642823694394,1.0,Conflict,bet,win,978.5,
85.0,0.0,4.0,1413.0,-26.0,34.20733437095405,30.786600933858647,1.0,Conflict,bet,lose,463.25,
85.0,0.0,5.0,1645.0,-31.0,36.83602799975495,36.83602799975495,1.0,Not-conflict,bet,win,1876.625,
85.0,0.0,6.0,2583.0,-41.0,45.888576506520096,50.47743415717211,1.0,Conflict,bet,lose,897.3125,
85.0,0.0,7.0,3032.0,-52.0,49.61375742311768,64.497884650053,1.0,Conflict,bet,lose,396.65625,
85.0,0.0,8.0,3230.0,-61.0,51.16601907157925,76.74902860736887,1.0,Conflict,bet,win,396.65625,3230
86.0,0.0,0.0,500.0,-2.0,20.625210617611923,2.0625210617611924,1.0,Conflict,bet,lose,498.0,
86.0,0.0,1.0,749.0,-7.0,25.111499408148916,7.533449822444674,1.0,Conflict,bet,lose,242.0,
86.0,0.0,2.0,870.0,-12.0,27.011324231969166,13.505662115984583,1.0,Conflict,bet,lose,109.0,
86.0,0.0,3.0,924.0,-17.0,27.815204033849135,19.470642823694394,1.0,Conflict,bet,win,978.5,
86.0,0.0,4.0,1413.0,-26.0,34.20733437095405,30.786600933858647,1.0,Conflict,bet,lose,463.25,
86.0,0.0,5.0,1645.0,-31.0,36.83602799975495,36.83602799975495,1.0,Not-conflict,bet,win,1876.625,
86.0,0.0,6.0,2583.0,-41.0,45.888576506520096,50.47743415717211,1.0,Conflict,bet,lose,897.3125,
86.0,0.0,7.0,3032.0,-52.0,49.61375742311768,64.497884650053,1.0,Conflict,bet,win,3480.65625,
86.0,0.0,8.0,4772.0,-73.0,61.87669543152997,92.81504314729494,1.0,Conflict,bet,lose,3480.65625,-73
87.0,0.0,0.0,500.0,-2.0,20.625210617611923,2.0625210617611924,1.0,Conflict,bet,lose,498.0,
87.0,0.0,1.0,749.0,-7.0,25.111499408148916,7.533449822444674,1.0,Conflict,bet,lose,242.0,
87.0,0.0,2.0,870.0,-12.0,27.011324231969166,13.505662115984583,1.0,Conflict,bet,lose,109.0,
87.0,0.0,3.0,924.0,-17.0,27.815204033849135,19.470642823694394,1.0,Conflict,bet,lose,37.5,
87.0,0.0,4.0,943.0,-21.0,28.092293319815283,25.283063987833756,1.0,Conflict,bet,win,961.75,
87.0,0.0,5.0,1424.0,-29.0,34.33676409925405,34.33676409925405,1.0,Not-conflict,bet,win,1904.875,
87.0,0.0,6.0,2376.0,-40.0,44.059261605563734,48.46518776612011,1.0,Conflict,bet,win,3328.4375,
87.0,0.0,7.0,4040.0,-59.0,57.05684124981919,74.17389362476496,1.0,Conflict,bet,lose,1605.21875,
87.0,0.0,8.0,4843.0,-74.0,62.32334382492513,93.4850157373877,1.0,Conflict,bet,lose,1605.21875,-74
88.0,0.0,0.0,500.0,-2.0,20.625210617611923,2.0625210617611924,1.0,Conflict,bet,win,1000.0,
88.0,0.0,1.0,1000.0,-8.0,28.906798823654754,8.672039647096426,1.0,Conflict,bet,lose,492.0,
88.0,0.0,2.0,1246.0,-14.0,32.17490598800461,16.087452994002305,1.0,Conflict,bet,win,1492.0,
88.0,0.0,3.0,1992.0,-24.0,40.43467024698933,28.30426917289253,1.0,Conflict,bet,lose,722.0,
88.0,0.0,4.0,2353.0,-33.0,43.85103805106225,39.46593424595602,1.0,Conflict,bet,lose,328.0,
88.0,0.0,5.0,2517.0,-37.0,45.31376269644331,45.31376269644331,1.0,Not-conflict,bet,win,2681.0,
88.0,0.0,6.0,3858.0,-50.0,55.79026223372002,61.369288457092026,1.0,Conflict,bet,lose,1290.5,
88.0,0.0,7.0,4503.0,-62.0,60.1527446569633,78.19856805405229,1.0,Conflict,bet,lose,583.25,
88.0,0.0,8.0,4795.0,-73.0,62.02175538628737,93.03263307943105,1.0,Conflict,bet,win,583.25,4795
89.0,0.0,0.0,500.0,-2.0,20.625210617611923,2.0625210617611924,1.0,Conflict,bet,win,1000.0,
89.0,0.0,1.0,1000.0,-8.0,28.906798823654754,8.672039647096426,1.0,Conflict,bet,win,1500.0,
89.0,0.0,2.0,1750.0,-16.0,37.96291300452135,18.981456502260674,1.0,Conflict,bet,lose,734.0,
89.0,0.0,3.0,2117.0,-24.0,41.65105994058917,29.155741958412417,1.0,Conflict,bet,lose,343.0,
89.0,0.0,4.0,2288.0,-32.0,43.25686904718896,38.931182142470064,1.0,Conflict,bet,win,2459.5,
89.0,0.0,5.0,3518.0,-43.0,53.33914767980298,53.33914767980298,1.0,Not-conflict,bet,lose,1186.75,
89.0,0.0,6.0,4111.0,-51.0,57.54298955085999,63.297288505946,1.0,Conflict,bet,lose,542.375,
89.0,0.0,7.0,4382.0,-62.0,59.360075651789636,77.16809834732653,1.0,Conflict,bet,lose,209.1875,
89.0,0.0,8.0,4487.0,-71.0,60.04856119427515,90.07284179141273,1.0,Conflict,bet,lose,209.1875,-71
90.0,0.0,0.0,500.0,-2.0,20.625210617611923,2.0625210617611924,1.0,Conflict,bet,lose,498.0,
90.0,0.0,1.0,749.0,-7.0,25.111499408148916,7.533449822444674,1.0,Conflict,bet,win,998.0,
90.0,0.0,2.0,1248.0,-14.0,32.20004681169342,16.10002340584671,1.0,Conflict,bet,lose,485.0,
90.0,0.0,3.0,1490.0,-21.0,35.10279620586386,24.5719573441047,1.0,Conflict,bet,win,1732.5,
90.0,0.0,4.0,2356.0,-33.0,43.87825667769773,39.49043100992795,1.0,Conflict,bet,lose,833.25,
90.0,0.0,5.0,2773.0,-39.0,47.50251310975762,47.50251310975762,1.0,Not-conflict,bet,lose,377.625,
90.0,0.0,6.0,2962.0,-44.0,49.05258752783806,53.957846280621865,1.0,Conflict,bet,lose,144.8125,
90.0,0.0,7.0,3034.0,-52.0,49.629692656063455,64.5186004528825,1.0,Conflict,bet,lose,20.40625,
90.0,0.0,8.0,3044.0,-60.0,49.709288110048945,74.56393216507342,1.0,Conflict,bet,lose,20.40625,-60
91.0,0.0,0.0,500.0,-2.0,20.625210617611923,2.0625210617611924,1.0,Conflict,bet,lose,498.0,
91.0,0.0,1.0,749.0,-7.0,25.111499408148916,7.533449822444674,1.0,Conflict,bet,lose,242.0,
91.0,0.0,2.0,870.0,-12.0,27.011324231969166,13.505662115984583,1.0,Conflict,bet,lose,109.0,
91.0,0.0,3.0,924.0,-17.0,27.815204033849135,19.470642823694394,1.0,Conflict,bet,win,978.5,
91.0,0.0,4.0,1413.0,-26.0,34.20733437095405,30.786600933858647,1.0,Conflict,bet,lose,463.25,
91.0,0.0,5.0,1645.0,-31.0,36.83602799975495,36.83602799975495,1.0,Not-conflict,bet,win,1876.625,
91.0,0.0,6.0,2583.0,-41.0,45.888576506520096,50.47743415717211,1.0,Conflict,bet,win,3521.3125,
91.0,0.0,7.0,4344.0,-61.0,59.1088269600724,76.84147504809413,1.0,Conflict,bet,win,6104.65625,
91.0,0.0,8.0,7396.0,-90.0,76.59518889010977,114.89278333516465,1.0,Conflict,bet,lose,6104.65625,-90
92.0,0.0,0.0,500.0,-2.0,20.625210617611923,2.0625210617611924,1.0,Conflict,bet,win,1000.0,
92.0,0.0,1.0,1000.0,-8.0,28.906798823654754,8.672039647096426,1.0,Conflict,bet,win,1500.0,
92.0,0.0,2.0,1750.0,-16.0,37.96291300452135,18.981456502260674,1.0,Conflict,bet,lose,734.0,
92.0,0.0,3.0,2117.0,-24.0,41.65105994058917,29.155741958412417,1.0,Conflict,bet,lose,343.0,
92.0,0.0,4.0,2288.0,-32.0,43.25686904718896,38.931182142470064,1.0,Conflict,bet,lose,139.5,
92.0,0.0,5.0,2358.0,-36.0,43.89639255217014,43.89639255217014,1.0,Not-conflict,bet,lose,33.75,
92.0,0.0,6.0,2375.0,-40.0,44.050229965303075,48.45525296183339,1.0,Conflict,bet,lose,-23.125,-40
93.0,0.0,0.0,500.0,-2.0,20.625210617611923,2.0625210617611924,1.0,Conflict,bet,lose,498.0,
93.0,0.0,1.0,749.0,-7.0,25.111499408148916,7.533449822444674,1.0,Conflict,bet,win,998.0,
93.0,0.0,2.0,1248.0,-14.0,32.20004681169342,16.10002340584671,1.0,Conflict,bet,lose,485.0,
93.0,0.0,3.0,1490.0,-21.0,35.10279620586386,24.5719573441047,1.0,Conflict,bet,lose,221.5,
93.0,0.0,4.0,1601.0,-27.0,36.35285955795385,32.71757360215847,1.0,Conflict,bet,lose,83.75,
93.0,0.0,5.0,1643.0,-31.0,36.81421068247227,36.81421068247227,1.0,Not-conflict,bet,win,1684.875,
93.0,0.0,6.0,2485.0,-40.0,45.03228180675792,49.53550998743372,1.0,Conflict,bet,lose,802.4375,
93.0,0.0,7.0,2886.0,-51.0,48.43555841891771,62.96622594459302,1.0,Conflict,bet,lose,350.21875,
93.0,0.0,8.0,3061.0,-60.0,49.84429314268676,74.76643971403014,1.0,Conflict,bet,lose,350.21875,-60
94.0,0.0,0.0,500.0,-2.0,20.625210617611923,2.0625210617611924,1.0,Conflict,bet,win,1000.0,
94.0,0.0,1.0,1000.0,-8.0,28.906798823654754,8.672039647096426,1.0,Conflict,bet,win,1500.0,
94.0,0.0,2.0,1750.0,-16.0,37.96291300452135,18.981456502260674,1.0,Conflict,bet,win,2500.0,
94.0,0.0,3.0,3000.0,-29.0,49.35805653014531,34.55063957110172,1.0,Conflict,bet,lose,1221.0,
94.0,0.0,4.0,3610.0,-40.0,54.013958613114596,48.61256275180314,1.0,Conflict,bet,lose,570.5,
94.0,0.0,5.0,3895.0,-45.0,56.050195792873154,56.050195792873154,1.0,Not-conflict,bet,lose,240.25,
94.0,0.0,6.0,4015.0,-50.0,56.88462018329719,62.57308220162691,1.0,Conflict,bet,lose,70.125,
94.0,0.0,7.0,4050.0,-59.0,57.12557655151693,74.26324951697201,1.0,Conflict,bet,win,4085.0625,
94.0,0.0,8.0,6093.0,-82.0,69.69679117679192,104.54518676518788,1.0,Conflict,bet,lose,4085.0625,-82
95.0,0.0,0.0,500.0,-2.0,20.625210617611923,2.0625210617611924,1.0,Conflict,bet,lose,498.0,
95.0,0.0,1.0,749.0,-7.0,25.111499408148916,7.533449822444674,1.0,Conflict,bet,win,998.0,
95.0,0.0,2.0,1248.0,-14.0,32.20004681169342,16.10002340584671,1.0,Conflict,bet,win,1747.0,
95.0,0.0,3.0,2122.0,-24.0,41.69893852470408,29.189256967292856,1.0,Conflict,bet,win,2995.5,
95.0,0.0,4.0,3620.0,-40.0,54.08677338779399,48.67809604901459,1.0,Conflict,bet,win,5117.75,
95.0,0.0,5.0,6179.0,-56.0,70.17415003549495,70.17415003549495,1.0,Not-conflict,bet,lose,2502.875,
95.0,0.0,6.0,7430.0,-67.0,76.76646675939679,84.44311343533647,1.0,Conflict,bet,win,8681.4375,
95.0,0.0,7.0,11771.0,-97.0,96.04750906509878,124.86176178462841,1.0,Conflict,bet,lose,4243.71875,
95.0,0.0,8.0,13893.0,-120.0,104.12180049100223,156.18270073650336,1.0,Conflict,bet,lose,4243.71875,-120
96.0,0.0,0.0,500.0,-2.0,20.625210617611923,2.0625210617611924,1.0,Conflict,bet,win,1000.0,
96.0,0.0,1.0,1000.0,-8.0,28.906798823654754,8.672039647096426,1.0,Conflict,bet,win,1500.0,
96.0,0.0,2.0,1750.0,-16.0,37.96291300452135,18.981456502260674,1.0,Conflict,bet,lose,734.0,
96.0,0.0,3.0,2117.0,-24.0,41.65105994058917,29.155741958412417,1.0,Conflict,bet,lose,343.0,
96.0,0.0,4.0,2288.0,-32.0,43.25686904718896,38.931182142470064,1.0,Conflict,bet,win,2459.5,
96.0,0.0,5.0,3518.0,-43.0,53.33914767980298,53.33914767980298,1.0,Not-conflict,bet,lose,1186.75,
96.0,0.0,6.0,4111.0,-51.0,57.54298955085999,63.297288505946,1.0,Conflict,bet,win,4704.375,
96.0,0.0,7.0,6463.0,-74.0,71.72679639345348,93.24483531148954,1.0,Conflict,bet,win,8815.1875,
96.0,0.0,8.0,10871.0,-107.0,92.39814331602591,138.59721497403888,1.0,Conflict,bet,lose,8815.1875,-107
97.0,0.0,0.0,500.0,-2.0,20.625210617611923,2.0625210617611924,1.0,Conflict,bet,lose,498.0,
97.0,0.0,1.0,749.0,-7.0,25.111499408148916,7.533449822444674,1.0,Conflict,bet,lose,242.0,
97.0,0.0,2.0,870.0,-12.0,27.011324231969166,13.505662115984583,1.0,Conflict,bet,lose,109.0,
97.0,0.0,3.0,924.0,-17.0,27.815204033849135,19.470642823694394,1.0,Conflict,bet,lose,37.5,
97.0,0.0,4.0,943.0,-21.0,28.092293319815283,25.283063987833756,1.0,Conflict,bet,lose,-2.25,-21
98.0,0.0,0.0,500.0,-2.0,20.625210617611923,2.0625210617611924,1.0,Conflict,bet,win,1000.0,
98.0,0.0,1.0,1000.0,-8.0,28.906798823654754,8.672039647096426,1.0,Conflict,bet,lose,492.0,
98.0,0.0,2.0,1246.0,-14.0,32.17490598800461,16.087452994002305,1.0,Conflict,bet,win,1492.0,
98.0,0.0,3.0,1992.0,-24.0,40.43467024698933,28.30426917289253,1.0,Conflict,bet,win,2738.0,
98.0,0.0,4.0,3361.0,-38.0,52.166315731726876,46.94968415855419,1.0,Conflict,bet,lose,1331.0,
98.0,0.0,5.0,4026.0,-46.0,56.96046502992009,56.96046502992009,1.0,Not-conflict,bet,win,4691.5,
98.0,0.0,6.0,6372.0,-62.0,71.23317442153107,78.35649186368418,1.0,Conflict,bet,lose,2283.75,
98.0,0.0,7.0,7514.0,-79.0,77.18790788336368,100.34428024837278,1.0,Conflict,bet,win,8655.875,
98.0,0.0,8.0,11842.0,-111.0,96.3292108877292,144.4938163315938,1.0,Conflict,bet,lose,8655.875,-111
99.0,0.0,0.0,500.0,-2.0,20.625210617611923,2.0625210617611924,1.0,Conflict,bet,win,1000.0,
99.0,0.0,1.0,1000.0,-8.0,28.906798823654754,8.672039647096426,1.0,Conflict,bet,lose,492.0,
99.0,0.0,2.0,1246.0,-14.0,32.17490598800461,16.087452994002305,1.0,Conflict,bet,lose,232.0,
99.0,0.0,3.0,1362.0,-20.0,33.60038482496417,23.52026937747492,1.0,Conflict,bet,lose,96.0,
99.0,0.0,4.0,1410.0,-26.0,34.17194572167899,30.75475114951109,1.0,Conflict,bet,lose,22.0,
99.0,0.0,5.0,1421.0,-29.0,34.301516100756544,34.301516100756544,1.0,Not-conflict,bet,win,1432.0,
99.0,0.0,6.0,2137.0,-38.0,41.84222806374673,46.02645087012141,1.0,Conflict,bet,lose,678.0,
99.0,0.0,7.0,2476.0,-47.0,44.952780726502766,58.4386149444536,1.0,Conflict,bet,win,2815.0,
99.0,0.0,8.0,3884.0,-67.0,55.973051064946624,83.95957659741994,1.0,Conflict,bet,lose,2815.0,-67
